# Age_Ma	Sea_level_m
0.000000	57.387309
0.100000	58.105027
0.200000	58.811290
0.300000	59.470194
0.400000	60.129673
0.500000	60.791173
0.600000	61.452845
0.700000	62.115040
0.800000	62.762156
0.900000	63.368501
1.000000	63.983774
1.100000	64.679404
1.200000	65.358205
1.300000	65.969691
1.400000	66.583952
1.500000	67.294021
1.600000	68.003642
1.700000	68.710694
1.800000	69.453249
1.900000	70.302310
2.000000	71.083607
2.100000	71.829996
2.200000	72.391233
2.300000	72.917202
2.400000	73.467764
2.500000	74.096125
2.600000	74.730875
2.700000	75.487020
2.800000	76.235890
2.900000	76.958885
3.000000	77.642800
3.100000	78.233500
3.200000	78.824200
3.300000	79.925974
3.400000	80.638285
3.500000	81.167197
3.600000	81.708872
3.700000	82.556864
3.800000	83.353764
3.900000	84.066123
4.000000	84.744310
4.100000	85.369682
4.200000	86.021773
4.300000	86.852674
4.400000	87.633872
4.500000	88.347980
4.600000	89.003801
4.700000	89.586029
4.800000	90.169579
4.900000	90.884029
5.000000	91.604571
5.100000	92.522061
5.200000	93.340454
5.300000	94.055928
5.400000	94.772320
5.500000	95.489556
5.600000	96.205385
5.700000	96.920111
5.800000	97.633217
5.900000	98.345247
6.000000	99.020239
6.100000	99.674398
6.200000	100.389709
6.300000	101.162914
6.400000	101.936137
6.500000	102.709367
6.600000	103.342018
6.700000	103.965118
6.800000	104.658752
6.900000	105.378473
7.000000	106.106581
7.100000	106.836434
7.200000	107.393836
7.300000	107.944052
7.400000	108.672095
7.500000	109.580191
7.600000	110.245680
7.700000	110.911168
7.800000	111.459574
7.900000	112.006798
8.000000	112.659737
8.100000	113.400655
8.200000	114.152997
8.300000	114.909146
8.400000	115.479755
8.500000	116.050363
8.600000	116.602496
8.700000	117.146491
8.800000	117.770949
8.900000	118.592404
9.000000	119.352364
9.100000	120.086937
9.200000	120.715059
9.300000	121.337578
9.400000	121.928855
9.500000	122.516271
9.600000	123.150958
9.700000	123.803745
9.800000	124.397808
9.900000	124.976261
10.000000	125.600037
10.100000	126.250432
10.200000	126.871191
10.300000	127.481020
10.400000	128.084107
10.500000	128.684709
10.600000	129.277859
10.700000	129.868242
10.800000	130.450439
10.900000	131.029552
11.000000	131.566941
11.100000	132.088235
11.200000	132.655214
11.300000	133.261109
11.400000	133.819294
11.500000	134.357610
11.600000	134.884820
11.700000	135.407151
11.800000	135.917859
11.900000	136.423125
12.000000	136.864214
12.100000	137.272967
12.200000	137.725787
12.300000	138.304027
12.400000	138.800007
12.500000	139.246845
12.600000	139.689709
12.700000	140.129960
12.800000	140.535790
12.900000	140.923085
13.000000	141.273368
13.100000	141.593523
13.200000	141.926148
13.300000	142.319655
13.400000	142.693390
13.500000	143.033457
13.600000	143.363659
13.700000	143.682159
13.800000	143.949434
13.900000	144.183957
14.000000	144.414654
14.100000	144.639219
14.200000	144.849654
14.300000	145.036032
14.400000	145.206776
14.500000	145.341502
14.600000	145.476229
14.700000	145.632637
14.800000	145.771740
14.900000	145.852497
15.000000	145.933254
15.100000	146.041516
15.200000	146.132425
15.300000	146.177886
15.400000	146.222123
15.500000	146.250997
15.600000	146.279318
15.700000	146.286684
15.800000	146.294049
15.900000	146.279077
16.000000	146.260387
16.100000	146.232595
16.200000	146.204802
16.300000	146.156903
16.400000	146.106277
16.500000	146.041115
16.600000	145.973034
16.700000	145.892180
16.800000	145.807839
16.900000	145.712618
17.000000	145.613556
17.100000	145.505244
17.200000	145.392840
17.300000	145.272910
17.400000	145.148929
17.500000	145.018577
17.600000	144.884037
17.700000	144.737196
17.800000	144.580653
17.900000	144.410424
18.000000	144.233854
18.100000	144.078846
18.200000	143.925461
18.300000	143.769787
18.400000	143.613624
18.500000	143.411484
18.600000	143.189711
18.700000	142.976559
18.800000	142.776790
18.900000	142.589685
19.000000	142.401769
19.100000	142.213373
19.200000	142.024177
19.300000	141.834705
19.400000	141.668317
19.500000	141.505754
19.600000	141.349791
19.700000	141.197380
19.800000	141.050679
19.900000	140.918225
20.000000	140.785771
20.100000	140.643039
20.200000	140.492165
20.300000	140.341287
20.400000	140.190387
20.500000	140.039486
20.600000	139.888741
20.700000	139.738047
20.800000	139.576261
20.900000	139.393880
21.000000	139.198729
21.100000	138.981192
21.200000	138.806763
21.300000	138.650810
21.400000	138.466947
21.500000	138.238609
21.600000	138.052277
21.700000	137.875798
21.800000	137.731266
21.900000	137.595745
22.000000	137.455937
22.100000	137.291833
22.200000	137.127730
22.300000	136.961267
22.400000	136.794784
22.500000	136.627763
22.600000	136.460667
22.700000	136.265829
22.800000	136.066686
22.900000	135.902845
23.000000	135.739005
23.100000	135.512329
23.200000	135.329580
23.300000	135.191037
23.400000	135.051274
23.500000	134.899057
23.600000	134.746840
23.700000	134.596827
23.800000	134.446996
23.900000	134.292424
24.000000	134.136336
24.100000	133.965527
24.200000	133.793594
24.300000	133.657264
24.400000	133.522246
24.500000	133.391886
24.600000	133.263039
24.700000	133.163310
24.800000	133.120372
24.900000	133.123436
25.000000	133.126500
25.100000	133.129564
25.200000	133.132628
25.300000	133.187183
25.400000	133.244128
25.500000	133.352108
25.600000	133.465401
25.700000	133.628469
25.800000	133.800004
25.900000	134.061431
26.000000	134.340249
26.100000	134.588914
26.200000	134.837578
26.300000	135.182165
26.400000	135.565417
26.500000	135.965888
26.600000	136.370664
26.700000	136.839678
26.800000	137.343647
26.900000	137.898078
27.000000	138.482128
27.100000	139.120467
27.200000	139.791285
27.300000	140.508656
27.400000	141.252607
27.500000	142.079755
27.600000	142.960093
27.700000	143.774562
27.800000	144.562234
27.900000	145.532207
28.000000	146.764516
28.100000	147.847715
28.200000	148.903443
28.300000	149.998436
28.400000	151.097055
28.500000	152.225224
28.600000	153.355459
28.700000	154.501517
28.800000	155.648797
28.900000	156.800515
29.000000	157.908019
29.100000	158.920523
29.200000	159.981212
29.300000	161.277165
29.400000	162.510722
29.500000	163.686025
29.600000	164.747966
29.700000	165.767978
29.800000	166.669067
29.900000	167.519902
30.000000	168.543783
30.100000	169.971435
30.200000	171.074402
30.300000	172.132061
30.400000	173.191179
30.500000	174.253873
30.600000	175.391487
30.700000	176.550292
30.800000	177.772449
30.900000	179.161287
31.000000	180.515735
31.100000	181.347475
31.200000	182.179214
31.300000	183.127451
31.400000	184.103757
31.500000	185.061798
31.600000	186.014472
31.700000	186.945296
31.800000	187.868241
31.900000	188.766413
32.000000	189.653513
32.100000	190.513730
32.200000	191.358858
32.300000	192.175966
32.400000	192.972972
32.500000	193.741994
32.600000	194.484704
32.700000	195.200858
32.800000	195.883073
32.900000	196.541803
33.000000	197.157297
33.100000	197.759805
33.200000	198.324061
33.300000	198.878959
33.400000	199.401355
33.500000	199.889654
33.600000	200.311616
33.700000	200.667481
33.800000	200.940889
33.900000	201.162725
34.000000	201.299624
34.100000	201.413733
34.200000	201.440810
34.300000	201.464775
34.400000	201.398013
34.500000	201.331251
34.600000	201.196651
34.700000	201.050663
34.800000	200.860079
34.900000	200.648351
35.000000	200.399007
35.100000	200.112198
35.200000	199.789845
35.300000	199.430782
35.400000	198.850413
35.500000	198.240430
35.600000	197.685985
35.700000	197.107520
35.800000	196.090882
35.900000	195.694944
36.000000	195.289875
36.100000	194.853504
36.200000	194.437845
36.300000	194.050172
36.400000	193.631629
36.500000	193.180954
36.600000	192.847249
36.700000	192.521380
36.800000	192.257440
36.900000	191.993501
37.000000	191.760979
37.100000	191.532102
37.200000	191.360190
37.300000	191.204029
37.400000	191.036199
37.500000	190.802235
37.600000	190.657563
37.700000	190.551157
37.800000	190.452669
37.900000	190.387935
38.000000	190.323200
38.100000	190.260012
38.200000	190.203417
38.300000	190.149389
38.400000	190.130599
38.500000	190.111809
38.600000	190.116535
38.700000	190.130693
38.800000	190.155550
38.900000	190.203451
39.000000	190.251352
39.100000	190.330086
39.200000	190.411457
39.300000	190.509618
39.400000	190.622869
39.500000	190.741229
39.600000	190.892767
39.700000	191.044306
39.800000	191.256631
39.900000	191.478649
40.000000	191.753666
40.100000	192.025170
40.200000	192.287177
40.300000	192.559228
40.400000	192.869331
40.500000	193.187600
40.600000	193.527283
40.700000	193.876735
40.800000	194.244723
40.900000	194.644175
41.000000	195.087762
41.100000	195.599041
41.200000	196.111466
41.300000	196.512428
41.400000	196.913323
41.500000	197.313184
41.600000	197.713045
41.700000	198.128777
41.800000	198.548360
41.900000	198.978443
42.000000	199.417075
42.100000	199.861345
42.200000	200.318698
42.300000	200.776966
42.400000	201.249463
42.500000	201.721959
42.600000	202.202162
42.700000	202.683946
42.800000	203.168759
42.900000	203.655584
43.000000	204.142728
43.100000	204.630408
43.200000	205.106558
43.300000	205.514711
43.400000	205.922865
43.500000	206.394379
43.600000	206.929255
43.700000	207.407581
43.800000	207.831904
43.900000	208.255290
44.000000	208.665027
44.100000	209.074764
44.200000	209.473136
44.300000	209.864352
44.400000	210.251935
44.500000	210.620438
44.600000	210.988941
44.700000	211.338304
44.800000	211.679580
44.900000	212.013070
45.000000	212.322225
45.100000	212.631381
45.200000	212.911386
45.300000	213.183077
45.400000	213.441828
45.500000	213.671732
45.600000	213.901637
45.700000	214.099714
45.800000	214.291594
45.900000	214.472085
46.000000	214.632369
46.100000	214.792653
46.200000	214.945986
46.300000	215.098378
46.400000	215.248861
46.500000	215.398459
46.600000	215.534732
46.700000	215.666900
46.800000	215.790690
46.900000	215.912938
47.000000	216.032897
47.100000	216.152685
47.200000	216.277404
47.300000	216.403154
47.400000	216.540279
47.500000	216.680669
47.600000	216.837746
47.700000	217.002097
47.800000	217.188831
47.900000	217.386794
48.000000	217.605499
48.100000	217.836564
48.200000	218.081195
48.300000	218.338764
48.400000	218.604829
48.500000	218.883385
48.600000	219.166524
48.700000	219.460685
48.800000	219.756637
48.900000	220.043971
49.000000	220.331174
49.100000	220.611513
49.200000	220.891852
49.300000	221.172537
49.400000	221.453243
49.500000	221.685448
49.600000	221.910980
49.700000	222.200745
49.800000	222.615197
49.900000	222.922698
50.000000	223.225476
50.100000	223.515964
50.200000	223.796710
50.300000	224.067344
50.400000	224.320577
50.500000	224.567634
50.600000	224.787702
50.700000	224.994740
50.800000	225.159717
50.900000	225.323065
51.000000	225.480909
51.100000	225.632087
51.200000	225.765929
51.300000	225.841885
51.400000	225.886698
51.500000	225.908603
51.600000	225.871731
51.700000	225.814903
51.800000	225.729219
51.900000	225.621393
52.000000	225.490965
52.100000	225.338236
52.200000	225.148533
52.300000	224.940991
52.400000	224.682566
52.500000	224.404746
52.600000	224.013846
52.700000	223.580676
52.800000	223.051763
52.900000	222.460269
53.000000	221.820905
53.100000	221.223642
53.200000	220.636904
53.300000	219.896328
53.400000	219.001913
53.500000	218.153493
53.600000	217.322400
53.700000	216.486065
53.800000	215.644576
53.900000	214.803088
54.000000	213.409488
54.100000	212.070517
54.200000	210.829610
54.300000	209.588133
54.400000	208.345931
54.500000	207.131326
54.600000	205.941731
54.700000	204.815261
54.800000	203.731262
54.900000	202.744281
55.000000	201.809922
55.100000	200.971448
55.200000	200.181153
55.300000	199.469722
55.400000	198.800655
55.500000	198.193648
55.600000	197.626473
55.700000	197.105956
55.800000	196.624141
55.900000	196.175587
56.000000	195.764799
56.100000	195.376155
56.200000	195.023786
56.300000	194.684936
56.400000	194.380216
56.500000	194.083564
56.600000	193.822057
56.700000	193.564374
56.800000	193.345552
56.900000	193.126730
57.000000	192.942129
57.100000	192.757789
57.200000	192.627189
57.300000	192.497132
57.400000	192.401493
57.500000	192.311720
57.600000	192.261088
57.700000	192.219577
57.800000	192.216910
57.900000	192.226023
58.000000	192.270036
58.100000	192.327409
58.200000	192.413773
58.300000	192.513855
58.400000	192.637717
58.500000	192.775285
58.600000	192.932095
58.700000	193.102274
58.800000	193.283063
58.900000	193.472673
59.000000	193.679857
59.100000	193.912332
59.200000	194.147728
59.300000	194.386553
59.400000	194.630741
59.500000	194.883131
59.600000	195.139211
59.700000	195.403275
59.800000	195.669284
59.900000	195.941512
60.000000	196.214517
60.100000	196.491550
60.200000	196.768714
60.300000	197.047256
60.400000	197.325778
60.500000	197.602549
60.600000	197.879320
60.700000	198.151340
60.800000	198.423036
60.900000	198.687458
61.000000	198.950708
61.100000	199.204658
61.200000	199.456071
61.300000	199.698249
61.400000	199.936640
61.500000	200.167543
61.600000	200.394081
61.700000	200.614721
61.800000	200.830597
61.900000	201.041942
62.000000	201.248259
62.100000	201.447867
62.200000	201.637154
62.300000	201.837242
62.400000	202.075623
62.500000	202.291708
62.600000	202.490241
62.700000	202.674252
62.800000	202.849932
62.900000	203.022965
63.000000	203.193652
63.100000	203.362496
63.200000	203.528841
63.300000	203.693841
63.400000	203.855965
63.500000	204.019338
63.600000	204.187329
63.700000	204.355199
63.800000	204.522672
63.900000	204.688670
64.000000	204.851290
64.100000	205.012056
64.200000	205.169715
64.300000	205.325119
64.400000	205.477693
64.500000	205.626348
64.600000	205.771282
64.700000	205.937092
64.800000	206.117423
64.900000	206.250161
65.000000	206.387317
65.100000	206.586740
65.200000	206.786163
65.300000	206.985587
65.400000	207.185010
65.500000	207.384434
65.600000	207.563153
65.700000	207.676016
65.800000	207.761947
65.900000	207.854646
66.000000	207.974037
66.100000	208.101464
66.200000	208.234860
66.300000	208.374659
66.400000	208.521353
66.500000	208.671703
66.600000	208.825589
66.700000	208.989032
66.800000	209.158115
66.900000	209.332480
67.000000	209.516187
67.100000	209.706221
67.200000	209.901696
67.300000	210.106140
67.400000	210.317343
67.500000	210.533921
67.600000	210.758813
67.700000	210.990911
67.800000	211.228351
67.900000	211.473554
68.000000	211.726517
68.100000	212.013863
68.200000	212.351151
68.300000	212.586032
68.400000	212.830694
68.500000	213.085538
68.600000	213.370304
68.700000	213.664478
68.800000	213.965742
68.900000	214.275987
69.000000	214.591710
69.100000	214.914920
69.200000	215.241642
69.300000	215.579097
69.400000	215.940992
69.500000	216.305854
69.600000	216.675203
69.700000	217.050850
69.800000	217.434964
69.900000	217.823503
70.000000	218.216464
70.100000	218.616423
70.200000	219.019616
70.300000	219.425972
70.400000	219.837011
70.500000	220.250419
70.600000	220.665819
70.700000	221.083772
70.800000	221.503024
70.900000	221.923107
71.000000	222.343925
71.100000	222.764687
71.200000	223.185123
71.300000	223.604780
71.400000	224.057364
71.500000	224.477879
71.600000	224.857416
71.700000	225.335562
71.800000	225.834986
71.900000	226.341671
72.000000	226.804074
72.100000	227.176529
72.200000	227.544037
72.300000	227.908903
72.400000	228.269724
72.500000	228.627135
72.600000	228.982492
72.700000	229.334493
72.800000	229.684362
72.900000	230.032750
73.000000	230.378675
73.100000	230.723500
73.200000	231.067402
73.300000	231.409952
73.400000	231.752188
73.500000	232.094052
73.600000	232.462660
73.700000	232.815678
73.800000	233.149789
73.900000	233.520711
74.000000	233.913336
74.100000	234.367637
74.200000	234.937264
74.300000	235.372072
74.400000	235.739502
74.500000	236.109982
74.600000	236.483013
74.700000	236.860895
74.800000	237.242803
74.900000	237.627985
75.000000	238.019078
75.100000	238.413948
75.200000	238.811471
75.300000	239.212299
75.400000	239.614423
75.500000	240.017226
75.600000	240.420061
75.700000	240.821628
75.800000	241.221898
75.900000	241.619015
76.000000	242.012208
76.100000	242.402128
76.200000	242.785772
76.300000	243.162739
76.400000	243.534447
76.500000	243.896790
76.600000	244.249610
76.700000	244.595167
76.800000	244.928265
76.900000	245.248911
77.000000	245.560269
77.100000	245.856017
77.200000	246.136326
77.300000	246.405293
77.400000	246.655384
77.500000	246.887021
77.600000	247.105231
77.700000	247.301109
77.800000	247.475539
77.900000	247.634420
78.000000	247.767242
78.100000	247.876339
78.200000	247.969175
78.300000	248.036810
78.400000	248.085237
78.500000	248.120145
78.600000	248.133347
78.700000	248.129133
78.800000	248.111894
78.900000	248.071662
79.000000	248.012330
79.100000	247.938240
79.200000	247.837082
79.300000	247.714005
79.400000	247.573511
79.500000	247.400296
79.600000	247.201135
79.700000	246.980888
79.800000	246.720664
79.900000	246.429412
80.000000	246.112491
80.100000	245.752792
80.200000	245.361543
80.300000	244.944923
80.400000	244.489466
80.500000	243.997866
80.600000	243.479047
80.700000	242.922559
80.800000	242.322154
80.900000	241.691060
81.000000	241.023680
81.100000	240.310712
81.200000	239.577441
81.300000	238.825747
81.400000	238.057097
81.500000	237.287450
81.600000	236.519737
81.700000	235.763909
81.800000	235.030873
81.900000	234.320132
82.000000	233.641774
82.100000	233.018404
82.200000	232.435191
82.300000	231.895451
82.400000	231.424275
82.500000	230.987186
82.600000	230.583244
82.700000	230.232132
82.800000	229.908670
82.900000	229.609910
83.000000	229.348875
83.100000	229.109861
83.200000	228.888514
83.300000	228.692880
83.400000	228.513018
83.500000	228.347485
83.600000	228.211431
83.700000	228.054315
83.800000	227.887149
83.900000	227.741607
84.000000	227.606399
84.100000	227.479081
84.200000	227.359785
84.300000	227.248825
84.400000	227.150242
84.500000	227.061972
84.600000	226.983661
84.700000	226.915675
84.800000	226.862221
84.900000	226.822085
85.000000	226.794155
85.100000	226.778854
85.200000	226.780387
85.300000	226.798935
85.400000	226.832302
85.500000	226.880980
85.600000	226.948996
85.700000	227.038503
85.800000	227.145700
85.900000	227.271013
86.000000	227.417798
86.100000	227.590367
86.200000	227.783274
86.300000	227.997076
86.400000	228.234381
86.500000	228.502973
86.600000	228.795433
86.700000	229.112525
86.800000	229.455390
86.900000	229.837142
87.000000	230.247454
87.100000	230.687370
87.200000	231.157985
87.300000	231.672453
87.400000	232.224611
87.500000	232.812959
87.600000	233.438630
87.700000	234.109555
87.800000	234.826014
87.900000	235.578952
88.000000	236.368048
88.100000	237.193011
88.200000	238.066083
88.300000	238.974813
88.400000	239.918466
88.500000	240.897121
88.600000	241.913491
88.700000	242.974760
88.800000	244.071645
88.900000	245.204687
89.000000	246.374526
89.100000	247.583523
89.200000	248.838133
89.300000	250.114162
89.400000	251.397064
89.500000	252.671841
89.600000	253.923676
89.700000	255.124636
89.800000	256.258229
89.900000	257.315321
90.000000	258.284819
90.100000	259.157679
90.200000	259.882597
90.300000	260.481187
90.400000	260.956455
90.500000	261.302892
90.600000	261.459625
90.700000	261.425763
90.800000	261.205193
90.900000	260.784145
91.000000	260.120623
91.100000	259.284673
91.200000	258.362359
91.300000	257.395760
91.400000	256.425255
91.500000	255.499112
91.600000	254.617815
91.700000	253.782150
91.800000	252.995517
91.900000	252.269188
92.000000	251.619999
92.100000	251.036750
92.200000	250.523400
92.300000	250.083886
92.400000	249.762390
92.500000	249.531526
92.600000	249.393769
92.700000	249.349755
92.800000	249.415205
92.900000	249.546263
93.000000	249.725055
93.100000	249.941607
93.200000	250.187810
93.300000	250.440016
93.400000	250.685961
93.500000	250.918631
93.600000	251.126092
93.700000	251.303129
93.800000	251.451294
93.900000	251.567652
94.000000	251.641113
94.100000	251.660455
94.200000	251.631610
94.300000	251.551587
94.400000	251.410759
94.500000	251.200773
94.600000	250.942265
94.700000	250.636932
94.800000	250.285035
94.900000	249.873443
95.000000	249.422373
95.100000	248.933121
95.200000	248.406974
95.300000	247.833368
95.400000	247.224605
95.500000	246.584257
95.600000	245.913283
95.700000	245.206867
95.800000	244.466484
95.900000	243.697339
96.000000	242.898502
96.100000	242.068411
96.200000	241.193097
96.300000	240.282797
96.400000	239.335785
96.500000	238.350173
96.600000	237.319030
96.700000	236.233470
96.800000	235.100473
96.900000	233.916977
97.000000	232.679572
97.100000	231.382409
97.200000	230.006745
97.300000	228.562222
97.400000	227.049004
97.500000	225.473096
97.600000	223.844861
97.700000	222.175837
97.800000	220.476382
97.900000	218.765287
98.000000	217.056140
98.100000	215.361301
98.200000	213.692933
98.300000	212.062496
98.400000	210.479899
98.500000	208.956905
98.600000	207.480949
98.700000	206.047483
98.800000	204.653757
98.900000	203.297288
99.000000	201.976062
99.100000	200.696340
99.200000	199.446774
99.300000	198.225784
99.400000	197.031924
99.500000	195.863870
99.600000	194.725946
99.700000	193.612762
99.800000	192.521403
99.900000	191.450888
100.000000	190.400229
100.100000	189.372884
100.200000	188.364252
100.300000	187.371865
100.400000	186.394896
100.500000	185.432551
100.600000	184.488163
100.700000	183.556622
100.800000	182.636816
100.900000	181.728091
101.000000	180.830449
101.100000	179.945128
101.200000	179.068406
101.300000	178.199726
101.400000	177.338543
101.500000	176.485519
101.600000	175.639573
101.700000	174.798982
101.800000	173.963429
101.900000	173.132722
102.000000	172.309632
102.100000	171.493481
102.200000	170.684734
102.300000	169.884048
102.400000	169.093380
102.500000	168.315327
102.600000	167.548268
102.700000	166.792898
102.800000	166.049913
102.900000	165.324803
103.000000	164.615581
103.100000	163.921946
103.200000	163.244636
103.300000	162.587174
103.400000	161.953317
103.500000	161.339274
103.600000	160.745759
103.700000	160.173507
103.800000	159.633128
103.900000	159.116139
104.000000	158.623193
104.100000	158.154953
104.200000	157.721244
104.300000	157.318215
104.400000	156.943752
104.500000	156.598766
104.600000	156.292352
104.700000	156.025886
104.800000	155.794028
104.900000	155.597987
105.000000	155.446104
105.100000	155.345316
105.200000	155.282500
105.300000	155.255910
105.400000	155.266951
105.500000	155.318817
105.600000	155.397869
105.700000	155.502428
105.800000	155.632035
105.900000	155.790972
106.000000	155.968068
106.100000	156.161936
106.200000	156.371197
106.300000	156.599362
106.400000	156.838415
106.500000	157.087880
106.600000	157.347334
106.700000	157.619938
106.800000	157.902085
106.900000	158.192807
107.000000	158.491821
107.100000	158.801098
107.200000	159.118818
107.300000	159.443536
107.400000	159.774990
107.500000	160.114203
107.600000	160.460710
107.700000	160.812760
107.800000	161.170107
107.900000	161.533073
108.000000	161.902096
108.100000	162.275304
108.200000	162.652468
108.300000	163.033443
108.400000	163.419120
108.500000	163.807703
108.600000	164.198971
108.700000	164.592738
108.800000	164.989997
108.900000	165.391587
109.000000	165.798343
109.100000	166.211273
109.200000	166.633988
109.300000	167.067932
109.400000	167.512829
109.500000	167.969765
109.600000	168.442269
109.700000	168.934610
109.800000	169.444173
109.900000	169.972189
110.000000	170.520476
110.100000	171.099656
110.200000	171.703123
110.300000	172.332331
110.400000	172.988783
110.500000	173.683156
110.600000	174.413869
110.700000	175.178882
110.800000	175.978544
110.900000	176.814466
111.000000	177.678051
111.100000	178.550019
111.200000	179.421902
111.300000	180.285203
111.400000	181.122776
111.500000	181.921049
111.600000	182.674484
111.700000	183.374883
111.800000	184.009800
111.900000	184.542333
112.000000	184.986463
112.100000	185.335817
112.200000	185.585644
112.300000	185.701300
112.400000	185.723637
112.500000	185.662770
112.600000	185.521714
112.700000	185.276077
112.800000	184.944325
112.900000	184.535622
113.000000	184.049174
113.100000	183.462269
113.200000	182.779179
113.300000	182.010722
113.400000	181.152630
113.500000	180.194276
113.600000	179.100828
113.700000	177.892908
113.800000	176.558582
113.900000	175.085113
114.000000	173.462601
114.100000	171.691759
114.200000	169.785980
114.300000	167.780205
114.400000	165.694478
114.500000	163.551243
114.600000	161.374675
114.700000	159.189933
114.800000	157.022372
114.900000	154.896411
115.000000	152.831709
115.100000	150.832964
115.200000	148.899843
115.300000	147.017448
115.400000	145.178962
115.500000	143.378638
115.600000	141.611178
115.700000	139.871655
115.800000	138.155448
115.900000	136.458738
116.000000	134.777749
116.100000	133.105531
116.200000	131.438155
116.300000	129.771748
116.400000	128.103011
116.500000	126.430836
116.600000	124.761628
116.700000	123.108760
116.800000	121.480980
116.900000	119.887316
117.000000	118.336593
117.100000	116.837332
117.200000	115.397624
117.300000	114.044502
117.400000	112.765742
117.500000	111.551326
117.600000	110.394112
117.700000	109.287577
117.800000	108.233152
117.900000	107.220267
118.000000	106.238372
118.100000	105.283347
118.200000	104.351356
118.300000	103.442624
118.400000	102.548372
118.500000	101.668509
118.600000	100.804642
118.700000	99.960810
118.800000	99.146713
118.900000	98.358907
119.000000	97.599789
119.100000	96.871726
119.200000	96.188329
119.300000	95.548765
119.400000	94.951253
119.500000	94.398234
119.600000	93.899676
119.700000	93.468632
119.800000	93.093947
119.900000	92.777064
120.000000	92.522006
120.100000	92.346420
120.200000	92.224155
120.300000	92.153768
120.400000	92.133934
120.500000	92.185706
120.600000	92.285290
120.700000	92.431867
120.800000	92.625090
120.900000	92.884104
121.000000	93.192135
121.100000	93.547109
121.200000	93.949426
121.300000	94.414690
121.400000	94.636760
121.500000	94.787739
121.600000	94.938717
121.700000	95.089696
121.800000	95.229581
121.900000	95.312859
122.000000	95.396136
122.100000	95.479414
122.200000	95.562691
122.300000	95.645969
122.400000	95.729246
122.500000	95.812523
122.600000	95.895801
122.700000	95.979078
122.800000	96.061038
122.900000	96.142634
123.000000	96.224229
123.100000	96.305825
123.200000	96.387420
123.300000	96.469016
123.400000	96.550611
123.500000	96.632207
123.600000	96.713802
123.700000	96.795398
123.800000	97.543157
123.900000	101.759163
124.000000	107.259240
124.100000	113.771215
124.200000	119.292058
124.300000	119.983449
124.400000	120.674840
124.500000	121.342618
124.600000	121.997391
124.700000	122.652163
124.800000	123.175968
124.900000	123.672947
125.000000	124.169927
125.100000	124.644697
125.200000	124.984204
125.300000	125.323710
125.400000	125.663217
125.500000	126.002723
125.600000	126.342230
125.700000	126.676552
125.800000	127.009575
125.900000	127.342599
126.000000	127.675622
126.100000	128.008645
126.200000	128.409769
126.300000	128.895909
126.400000	129.382049
126.500000	129.868189
126.600000	131.126436
126.700000	132.753604
126.800000	134.454380
126.900000	136.048305
127.000000	137.521631
127.100000	138.863043
127.200000	140.062416
127.300000	141.105662
127.400000	141.978289
127.500000	142.525517
127.600000	143.287537
127.700000	143.487611
127.800000	142.972997
127.900000	141.208427
128.000000	139.085928
128.100000	137.740007
128.200000	136.549499
128.300000	135.358991
128.400000	134.168482
128.500000	132.977974
128.600000	131.839914
128.700000	131.398664
128.800000	130.957414
128.900000	130.516163
129.000000	129.858214
129.100000	129.034827
129.200000	128.599108
129.300000	128.195507
129.400000	127.938219
129.500000	127.694427
129.600000	127.578770
129.700000	127.463112
129.800000	127.463810
129.900000	127.471006
130.000000	127.551946
130.100000	127.658797
130.200000	127.795846
130.300000	128.001092
130.400000	128.206338
130.500000	128.451886
130.600000	128.699957
130.700000	128.986247
130.800000	129.459144
130.900000	129.905700
131.000000	130.300976
131.100000	130.696253
131.200000	131.406979
131.300000	132.173285
131.400000	132.836085
131.500000	135.617798
131.600000	136.576643
131.700000	137.051336
131.800000	137.526029
131.900000	139.487239
132.000000	139.729990
132.100000	139.972742
132.200000	140.215493
132.300000	140.458244
132.400000	140.700995
132.500000	140.943747
132.600000	141.389873
132.700000	142.056323
132.800000	142.722773
132.900000	143.227666
133.000000	143.708693
133.100000	144.189719
133.200000	144.772649
133.300000	145.757689
133.400000	147.504432
133.500000	150.401928
133.600000	153.618058
133.700000	154.451776
133.800000	155.210773
133.900000	155.546351
134.000000	155.881930
134.100000	156.217508
134.200000	156.553086
134.300000	157.263223
134.400000	161.306123
134.500000	161.972980
134.600000	162.217478
134.700000	162.461975
134.800000	162.706473
134.900000	162.950971
135.000000	163.195468
135.100000	163.455995
135.200000	163.742951
135.300000	164.029907
135.400000	164.316862
135.500000	164.603818
135.600000	165.695624
135.700000	170.228201
135.800000	170.472628
135.900000	170.717055
136.000000	170.961483
136.100000	171.205910
136.200000	172.896010
136.300000	173.019094
136.400000	173.142178
136.500000	173.265261
136.600000	173.388345
136.700000	173.562531
136.800000	173.804458
136.900000	173.891848
137.000000	173.915040
137.100000	173.902660
137.200000	173.890279
137.300000	173.877899
137.400000	173.865518
137.500000	173.853138
137.600000	173.840758
137.700000	173.665600
137.800000	173.201194
137.900000	172.578796
138.000000	171.839842
138.100000	171.371050
138.200000	170.931935
138.300000	170.526575
138.400000	170.149667
138.500000	169.830245
138.600000	169.510824
138.700000	169.214831
138.800000	168.956858
138.900000	168.698885
139.000000	168.440911
139.100000	168.175901
139.200000	167.903167
139.300000	167.630434
139.400000	167.357701
139.500000	166.975342
139.600000	166.515003
139.700000	165.842140
139.800000	164.200346
139.900000	162.522038
140.000000	160.835366
140.100000	159.168178
140.200000	157.753645
140.300000	156.240199
140.400000	154.920564
140.500000	153.519018
140.600000	153.356838
140.700000	153.194658
140.800000	153.032478
140.900000	152.870298
141.000000	152.708118
141.100000	152.545938
141.200000	152.375733
141.300000	152.190384
141.400000	152.005035
141.500000	151.819687
141.600000	151.634338
141.700000	151.448989
141.800000	150.494393
141.900000	148.736934
142.000000	146.978751
142.100000	145.204844
142.200000	143.407860
142.300000	141.546968
142.400000	140.127711
142.500000	138.690211
142.600000	137.243991
142.700000	135.307168
142.800000	133.478430
142.900000	133.368289
143.000000	133.258148
143.100000	133.148007
143.200000	133.037866
143.300000	132.927725
143.400000	132.817584
143.500000	132.707443
143.600000	132.597302
143.700000	132.487161
143.800000	131.163463
143.900000	128.262348
144.000000	126.541376
144.100000	126.061171
144.200000	125.607587
144.300000	125.080044
144.400000	123.914500
144.500000	123.849975
144.600000	123.785451
144.700000	123.720926
144.800000	123.656401
144.900000	123.591877
145.000000	123.527352
145.100000	123.462827
145.200000	123.252784
145.300000	122.974053
145.400000	122.746939
145.500000	122.564749
145.600000	122.412982
145.700000	122.296759
145.800000	122.229703
145.900000	122.172012
146.000000	122.135093
146.100000	122.100693
146.200000	122.080764
146.300000	122.062132
146.400000	122.052037
146.500000	122.042462
146.600000	122.031096
146.700000	122.006834
146.800000	121.943489
146.900000	121.816731
147.000000	121.589564
147.100000	121.518300
147.200000	121.466210
147.300000	121.414121
147.400000	121.362032
147.500000	121.309942
147.600000	121.240901
147.700000	121.169091
147.800000	121.097280
147.900000	121.025470
148.000000	120.943437
148.100000	120.815197
148.200000	120.686957
148.300000	120.196377
148.400000	115.477291
148.500000	115.371696
148.600000	115.266101
148.700000	115.160506
148.800000	115.054911
148.900000	114.949316
149.000000	114.843721
149.100000	114.738126
149.200000	112.346616
149.300000	110.854018
149.400000	110.543456
149.500000	110.232894
149.600000	109.891958
149.700000	109.442152
149.800000	108.992347
149.900000	108.321183
150.000000	107.551683
150.100000	106.709927
150.200000	103.554266
150.300000	103.347240
150.400000	103.140214
150.500000	102.933188
150.600000	102.726162
150.700000	102.519136
150.800000	102.312110
150.900000	102.096349
151.000000	99.399836
151.100000	96.774176
151.200000	95.649257
151.300000	94.837838
151.400000	94.335389
151.500000	93.832941
151.600000	93.330492
151.700000	86.955135
151.800000	86.226853
151.900000	85.498571
152.000000	84.001580
152.100000	82.974625
152.200000	82.344142
152.300000	81.713659
152.400000	80.950980
152.500000	80.123189
152.600000	79.238029
152.700000	78.290267
152.800000	76.669298
152.900000	74.844124
153.000000	74.239562
153.100000	73.765867
153.200000	73.292172
153.300000	71.858573
153.400000	70.650154
153.500000	69.192504
153.600000	67.932004
153.700000	67.051454
153.800000	66.348181
153.900000	65.678211
154.000000	65.019941
154.100000	64.209118
154.200000	63.232516
154.300000	62.371272
154.400000	61.971152
154.500000	61.571031
154.600000	60.229429
154.700000	59.959002
154.800000	59.688575
154.900000	59.418147
155.000000	59.005395
155.100000	58.485274
155.200000	58.150232
155.300000	57.887165
155.400000	57.624099
155.500000	57.146201
155.600000	56.239919
155.700000	55.556797
155.800000	55.187089
155.900000	55.005547
156.000000	54.824004
156.100000	54.309438
156.200000	54.180854
156.300000	54.054918
156.400000	53.979298
156.500000	53.911105
156.600000	53.909744
156.700000	53.908383
156.800000	53.927694
156.900000	54.103083
157.000000	54.181795
157.100000	54.260507
157.200000	54.414852
157.300000	54.946868
157.400000	55.213899
157.500000	55.499867
157.600000	55.807191
157.700000	56.143255
157.800000	57.050115
157.900000	57.488369
158.000000	57.926623
158.100000	59.356119
158.200000	60.119408
158.300000	60.883245
158.400000	61.652009
158.500000	62.420773
158.600000	62.782475
158.700000	63.144177
158.800000	63.505879
158.900000	63.867581
159.000000	64.544217
159.100000	66.905898
159.200000	69.233474
159.300000	70.741201
159.400000	71.955594
159.500000	73.056396
159.600000	74.116689
159.700000	75.055456
159.800000	75.950730
159.900000	76.633657
160.000000	77.316584
160.100000	78.937817
160.200000	80.653217
160.300000	81.858526
160.400000	82.910321
160.500000	83.658828
160.600000	84.295162
160.700000	84.999570
160.800000	86.486842
160.900000	86.932433
161.000000	87.378024
161.100000	87.823615
161.200000	88.579744
161.300000	89.636058
161.400000	90.883682
161.500000	91.306399
161.600000	91.729115
161.700000	92.122427
161.800000	92.475131
161.900000	92.827835
162.000000	93.215138
162.100000	93.803860
162.200000	94.613124
162.300000	95.423168
162.400000	95.798203
162.500000	96.173238
162.600000	96.724557
162.700000	97.202599
162.800000	97.552838
162.900000	97.903077
163.000000	98.781326
163.100000	98.928921
163.200000	99.076517
163.300000	99.224112
163.400000	99.371707
163.500000	100.020959
163.600000	100.428179
163.700000	100.714049
163.800000	101.273151
163.900000	101.586611
164.000000	101.769981
164.100000	101.953351
164.200000	102.168291
164.300000	102.398271
164.400000	102.769565
164.500000	103.079726
164.600000	103.211794
164.700000	103.343861
164.800000	103.503889
164.900000	103.704153
165.000000	103.874310
165.100000	104.021755
165.200000	104.178665
165.300000	104.348123
165.400000	104.432038
165.500000	104.505381
165.600000	104.582824
165.700000	104.697167
165.800000	104.767063
165.900000	104.807148
166.000000	104.815868
166.100000	104.824589
166.200000	104.816526
166.300000	104.801609
166.400000	104.786691
166.500000	104.717173
166.600000	104.655842
166.700000	104.609416
166.800000	104.562989
166.900000	104.516563
167.000000	104.245549
167.100000	104.176606
167.200000	104.107664
167.300000	104.038721
167.400000	103.948437
167.500000	103.573434
167.600000	103.374387
167.700000	103.164045
167.800000	102.878115
167.900000	102.635506
168.000000	102.441750
168.100000	102.247993
168.200000	101.932772
168.300000	101.568384
168.400000	101.184480
168.500000	100.783766
168.600000	100.357836
168.700000	100.111526
168.800000	99.928326
168.900000	99.745127
169.000000	99.561927
169.100000	98.570580
169.200000	98.241691
169.300000	97.912802
169.400000	97.394556
169.500000	96.796483
169.600000	96.555539
169.700000	96.314596
169.800000	96.073652
169.900000	95.758030
170.000000	94.684789
170.100000	94.313649
170.200000	93.942510
170.300000	93.430915
170.400000	92.789669
170.500000	92.227419
170.600000	91.681350
170.700000	87.878776
170.800000	89.732271
170.900000	86.486304
171.000000	88.615442
171.100000	84.490504
171.200000	83.935088
171.300000	88.217003
171.400000	82.474499
171.500000	81.797387
171.600000	81.110073
171.700000	80.416347
171.800000	79.707717
171.900000	78.983092
172.000000	78.247749
172.100000	77.480528
172.200000	76.695546
172.300000	75.888152
172.400000	75.039347
172.500000	74.167494
172.600000	73.255816
172.700000	72.297607
172.800000	71.311487
172.900000	70.276599
173.000000	69.208931
173.100000	68.118341
173.200000	66.990231
173.300000	65.842474
173.400000	64.679237
173.500000	63.493021
173.600000	62.298071
173.700000	61.095764
173.800000	59.886716
173.900000	58.678618
174.000000	57.471474
174.100000	56.274849
174.200000	55.087730
174.300000	53.910482
174.400000	52.760442
174.500000	51.627359
174.600000	50.514750
174.700000	49.441453
174.800000	48.390384
174.900000	47.371468
175.000000	46.398697
175.100000	45.452852
175.200000	44.555755
175.300000	43.707616
175.400000	42.890753
175.500000	42.146963
175.600000	41.448597
175.700000	40.794510
175.800000	40.230238
175.900000	39.705705
176.000000	39.254054
176.100000	38.867157
176.200000	38.515417
176.300000	38.249509
176.400000	38.016981
176.500000	37.834653
176.600000	37.711864
176.700000	37.616410
176.800000	37.588524
176.900000	37.593709
177.000000	37.638763
177.100000	37.741077
177.200000	37.868280
177.300000	38.055278
177.400000	38.276795
177.500000	38.531949
177.600000	38.842952
177.700000	39.176628
177.800000	39.557695
177.900000	39.973423
178.000000	40.412820
178.100000	40.905955
178.200000	41.419222
178.300000	41.967430
178.400000	42.552636
178.500000	43.157407
178.600000	43.805722
178.700000	44.478063
178.800000	45.173800
178.900000	45.911227
179.000000	46.666971
179.100000	47.453502
179.200000	48.271773
179.300000	49.107688
179.400000	49.976580
179.500000	50.862083
179.600000	51.760029
179.700000	52.676799
179.800000	53.597550
179.900000	54.523314
180.000000	55.448229
180.100000	56.369557
180.200000	57.283430
180.300000	58.181560
180.400000	59.068801
180.500000	59.930895
180.600000	60.767925
180.700000	61.587436
180.800000	62.357803
180.900000	63.102471
181.000000	63.815086
181.100000	64.475931
181.200000	65.111779
181.300000	65.698337
181.400000	66.241178
181.500000	66.757551
181.600000	67.199167
181.700000	67.609696
181.800000	67.969486
181.900000	68.262462
182.000000	68.522229
182.100000	68.695699
182.200000	68.824191
182.300000	68.901381
182.400000	68.902329
182.500000	68.870834
182.600000	68.764205
182.700000	68.609600
182.800000	68.412068
182.900000	68.132869
183.000000	67.819643
183.100000	67.433869
183.200000	66.987123
183.300000	66.500997
183.400000	65.913232
183.500000	65.284135
183.600000	64.586365
183.700000	63.801220
183.800000	62.966835
183.900000	62.029983
184.000000	61.009358
184.100000	59.924495
184.200000	58.696690
184.300000	57.377979
184.400000	55.978237
184.500000	54.468713
184.600000	52.922263
184.700000	51.353877
184.800000	49.787606
184.900000	48.268820
185.000000	46.802556
185.100000	45.426147
185.200000	44.197729
185.300000	43.070220
185.400000	42.091185
185.500000	41.253422
185.600000	40.486759
185.700000	39.837871
185.800000	39.257334
185.900000	38.723181
186.000000	38.273685
186.100000	37.847286
186.200000	37.461861
186.300000	37.103111
186.400000	36.757032
186.500000	36.428511
186.600000	36.110707
186.700000	35.809760
186.800000	35.554531
186.900000	35.324922
187.000000	35.184347
187.100000	35.107731
187.200000	35.106455
187.300000	35.252171
187.400000	35.461772
187.500000	35.804134
187.600000	36.220148
187.700000	36.690284
187.800000	37.247359
187.900000	37.826847
188.000000	38.442088
188.100000	39.070808
188.200000	39.702646
188.300000	40.319282
188.400000	40.909786
188.500000	41.473639
188.600000	41.970301
188.700000	42.439594
188.800000	42.855506
188.900000	43.233392
189.000000	43.587965
189.100000	43.890890
189.200000	44.177709
189.300000	44.436078
189.400000	44.668756
189.500000	44.889027
189.600000	45.082936
189.700000	45.267615
189.800000	45.440223
189.900000	45.601299
190.000000	45.757567
190.100000	45.903739
190.200000	46.043530
190.300000	46.177101
190.400000	46.298990
190.500000	46.415828
190.600000	46.521330
190.700000	46.617805
190.800000	46.707662
190.900000	46.781795
191.000000	46.849551
191.100000	46.904403
191.200000	46.946627
191.300000	46.981894
191.400000	46.996040
191.500000	47.002088
191.600000	46.993430
191.700000	46.967377
191.800000	46.932563
191.900000	46.873597
192.000000	46.803322
192.100000	46.717277
192.200000	46.609172
192.300000	46.490701
192.400000	46.345761
192.500000	46.185224
192.600000	46.007985
192.700000	45.801709
192.800000	45.582508
192.900000	45.333626
193.000000	45.062313
193.100000	44.773486
193.200000	44.444707
193.300000	44.099370
193.400000	43.721899
193.500000	43.315779
193.600000	42.893657
193.700000	42.433623
193.800000	41.958521
193.900000	41.462436
194.000000	40.940188
194.100000	40.405955
194.200000	39.847555
194.300000	39.274078
194.400000	38.689175
194.500000	38.081736
194.600000	37.466100
194.700000	36.836993
194.800000	36.194646
194.900000	35.545619
195.000000	34.883488
195.100000	34.214726
195.200000	33.540108
195.300000	32.856139
195.400000	32.167944
195.500000	31.472539
195.600000	30.767141
195.700000	30.055802
195.800000	29.329745
195.900000	28.592881
196.000000	27.846621
196.100000	27.078070
196.200000	26.298500
196.300000	25.501380
196.400000	24.680317
196.500000	23.845397
196.600000	22.982241
196.700000	22.094675
196.800000	21.189807
196.900000	20.243511
197.000000	19.273020
197.100000	18.277978
197.200000	17.231958
197.300000	16.163443
197.400000	15.065985
197.500000	13.949018
197.600000	12.831076
197.700000	11.716997
197.800000	10.630486
197.900000	9.567531
198.000000	8.550262
198.100000	7.599037
198.200000	6.690019
198.300000	5.867368
198.400000	5.098867
198.500000	4.367983
198.600000	3.716099
198.700000	3.091284
198.800000	2.507173
198.900000	1.968355
199.000000	1.449809
199.100000	0.971312
199.200000	0.514124
199.300000	0.075023
199.400000	-0.335668
199.500000	-0.737059
199.600000	-1.121404
199.700000	-1.494022
199.800000	-1.859968
199.900000	-2.208884
200.000000	-2.551819
200.100000	-2.884468
200.200000	-3.205799
200.300000	-3.521576
200.400000	-3.824037
200.500000	-4.120087
200.600000	-4.408561
200.700000	-4.686120
200.800000	-4.958979
200.900000	-5.221547
201.000000	-5.477564
201.100000	-5.728157
201.200000	-5.968420
201.300000	-6.204731
201.400000	-6.433201
201.500000	-6.655213
201.600000	-6.873488
201.700000	-7.082164
201.800000	-7.287543
201.900000	-7.487053
202.000000	-7.680385
202.100000	-7.870651
202.200000	-8.053428
202.300000	-8.232853
202.400000	-8.407980
202.500000	-8.577366
202.600000	-8.744226
202.700000	-8.905333
202.800000	-9.062919
202.900000	-9.217204
203.000000	-9.365417
203.100000	-9.511112
203.200000	-9.651381
203.300000	-9.787388
203.400000	-9.920441
203.500000	-10.046508
203.600000	-10.169892
203.700000	-10.288039
203.800000	-10.401082
203.900000	-10.511371
204.000000	-10.613902
204.100000	-10.713396
204.200000	-10.807821
204.300000	-10.896166
204.400000	-10.981531
204.500000	-11.059084
204.600000	-11.132751
204.700000	-11.201510
204.800000	-11.263055
204.900000	-11.321343
205.000000	-11.371733
205.100000	-11.417245
205.200000	-11.458029
205.300000	-11.490265
205.400000	-11.518917
205.500000	-11.539568
205.600000	-11.554177
205.700000	-11.564270
205.800000	-11.564250
205.900000	-11.560258
206.000000	-11.548167
206.100000	-11.528657
206.200000	-11.504907
206.300000	-11.469293
206.400000	-11.429345
206.500000	-11.381401
206.600000	-11.324687
206.700000	-11.263511
206.800000	-11.190192
206.900000	-11.111433
207.000000	-11.024868
207.100000	-10.927818
207.200000	-10.825838
207.300000	-10.711413
207.400000	-10.589948
207.500000	-10.460804
207.600000	-10.318866
207.700000	-10.171326
207.800000	-10.010885
207.900000	-9.841250
208.000000	-9.664113
208.100000	-9.492516
208.200000	-9.321472
208.300000	-9.150427
208.400000	-8.979382
208.500000	-8.808337
208.600000	-8.637292
208.700000	-8.466248
208.800000	-8.295203
208.900000	-8.124158
209.000000	-7.953113
209.100000	-7.782069
209.200000	-7.611024
209.300000	-7.439979
209.400000	-7.268934
209.500000	-7.097889
209.600000	-6.926845
209.700000	-6.755800
209.800000	-6.584755
209.900000	-6.413710
210.000000	-6.242666
210.100000	-6.071621
210.200000	-5.900576
210.300000	-5.729531
210.400000	-5.558486
210.500000	-5.387442
210.600000	-5.216397
210.700000	-5.045352
210.800000	-4.863070
210.900000	-4.481918
211.000000	-4.101652
211.100000	-3.722518
211.200000	-3.346052
211.300000	-2.969315
211.400000	-2.589371
211.500000	-2.200374
211.600000	-1.805142
211.700000	-1.383478
211.800000	-0.946684
211.900000	-0.484809
212.000000	0.017109
212.100000	0.540471
212.200000	1.110447
212.300000	1.708520
212.400000	2.328347
212.500000	2.991292
212.600000	3.670519
212.700000	4.373504
212.800000	5.103693
212.900000	5.846946
213.000000	6.612148
213.100000	7.392881
213.200000	8.183322
213.300000	8.990858
213.400000	9.805639
213.500000	10.627125
213.600000	11.457404
213.700000	12.290149
213.800000	13.126096
213.900000	13.966188
214.000000	14.808762
214.100000	15.655833
214.200000	16.507960
214.300000	17.363425
214.400000	18.226054
214.500000	19.094266
214.600000	19.966754
214.700000	20.849725
214.800000	21.738445
214.900000	22.633519
215.000000	23.541039
215.100000	24.455176
215.200000	25.378660
215.300000	26.315770
215.400000	27.260856
215.500000	28.218910
215.600000	29.191519
215.700000	30.172841
215.800000	31.168387
215.900000	32.173269
216.000000	33.184116
216.100000	34.203554
216.200000	35.226683
216.300000	36.252367
216.400000	37.280091
216.500000	38.306918
216.600000	39.332908
216.700000	40.353498
216.800000	41.369530
216.900000	42.380741
217.000000	43.379270
217.100000	44.370259
217.200000	45.351575
217.300000	46.317204
217.400000	47.274309
217.500000	48.218868
217.600000	49.147630
217.700000	50.067081
217.800000	50.970471
217.900000	51.858360
218.000000	52.736070
218.100000	53.593127
218.200000	54.435584
218.300000	55.266921
218.400000	56.071647
218.500000	56.863540
218.600000	57.639569
218.700000	58.388801
218.800000	59.124422
218.900000	59.837380
219.000000	60.526752
219.100000	61.203222
219.200000	61.855914
219.300000	62.496079
219.400000	63.126258
219.500000	63.739430
219.600000	64.347191
219.700000	64.946914
219.800000	65.540123
219.900000	66.130791
220.000000	66.718300
220.100000	67.306106
220.200000	67.894116
220.300000	68.485736
220.400000	69.076241
220.500000	69.665042
220.600000	70.242812
220.700000	70.812776
220.800000	71.362976
220.900000	71.891214
221.000000	72.404992
221.100000	72.870711
221.200000	73.312348
221.300000	73.717360
221.400000	74.068246
221.500000	74.393638
221.600000	74.666565
221.700000	74.908829
221.800000	75.125976
221.900000	75.297740
222.000000	75.453057
222.100000	75.578265
222.200000	75.678549
222.300000	75.765283
222.400000	75.821087
222.500000	75.865841
222.600000	75.894320
222.700000	75.904922
222.800000	75.907135
222.900000	75.890122
223.000000	75.861328
223.100000	75.821033
223.200000	75.759409
223.300000	75.688476
223.400000	75.598119
223.500000	75.491163
223.600000	75.373727
223.700000	75.228096
223.800000	75.071176
223.900000	74.894680
224.000000	74.694581
224.100000	74.482119
224.200000	74.238818
224.300000	73.977756
224.400000	73.697647
224.500000	73.383643
224.600000	73.054978
224.700000	72.697649
224.800000	72.321800
224.900000	71.934686
225.000000	71.527246
225.100000	71.115087
225.200000	70.695850
225.300000	70.274198
225.400000	69.852889
225.500000	69.436236
225.600000	69.027696
225.700000	68.625442
225.800000	68.245265
225.900000	67.877060
226.000000	67.530238
226.100000	67.212784
226.200000	66.910948
226.300000	66.646225
226.400000	66.398601
226.500000	66.169469
226.600000	65.966047
226.700000	65.772625
226.800000	65.598072
226.900000	65.435288
227.000000	65.280131
227.100000	65.139019
227.200000	65.001499
227.300000	64.870071
227.400000	64.741899
227.500000	64.614947
227.600000	64.487689
227.700000	64.358028
227.800000	64.225586
227.900000	64.084724
228.000000	63.939058
228.100000	63.781271
228.200000	63.611523
228.300000	63.433006
228.400000	63.229216
228.500000	63.013385
228.600000	62.775274
228.700000	62.509089
228.800000	62.227111
228.900000	61.901481
229.000000	61.553144
229.100000	61.178546
229.200000	60.766080
229.300000	60.337315
229.400000	59.877973
229.500000	59.395864
229.600000	58.899613
229.700000	58.372049
229.800000	57.832416
229.900000	57.276389
230.000000	56.699803
230.100000	56.113938
230.200000	55.511382
230.300000	54.897233
230.400000	54.275733
230.500000	53.639587
230.600000	52.998217
230.700000	52.350396
230.800000	51.696039
230.900000	51.039641
231.000000	50.380646
231.100000	49.721983
231.200000	49.063912
231.300000	48.409940
231.400000	47.760353
231.500000	47.114991
231.600000	46.481352
231.700000	45.854331
231.800000	45.238580
231.900000	44.638515
232.000000	44.047706
232.100000	43.478559
232.200000	42.925793
232.300000	42.386213
232.400000	41.874770
232.500000	41.374026
232.600000	40.890446
232.700000	40.424649
232.800000	39.967802
232.900000	39.529070
233.000000	39.100208
233.100000	38.680042
233.200000	38.274728
233.300000	37.874942
233.400000	37.484736
233.500000	37.102535
233.600000	36.724613
233.700000	36.355365
233.800000	35.989452
233.900000	35.627466
234.000000	35.269837
234.100000	34.913735
234.200000	34.560085
234.300000	34.207969
234.400000	33.856850
234.500000	33.509244
234.600000	33.163420
234.700000	32.820549
234.800000	32.482085
234.900000	32.146017
235.000000	31.816047
235.100000	31.490343
235.200000	31.168642
235.300000	30.855493
235.400000	30.546337
235.500000	30.245010
235.600000	29.951713
235.700000	29.663102
235.800000	29.387600
235.900000	29.118391
236.000000	28.857995
236.100000	28.610787
236.200000	28.369808
236.300000	28.142411
236.400000	27.922884
236.500000	27.709839
236.600000	27.508131
236.700000	27.310419
236.800000	27.119892
236.900000	26.934934
237.000000	26.752979
237.100000	26.577061
237.200000	26.403009
237.300000	26.231524
237.400000	26.062062
237.500000	25.893238
237.600000	25.724977
237.700000	25.556071
237.800000	25.386618
237.900000	25.214362
238.000000	25.040420
238.100000	24.862944
238.200000	24.681031
238.300000	24.496621
238.400000	24.306168
238.500000	24.114063
238.600000	23.919563
238.700000	23.723648
238.800000	23.527406
238.900000	23.331520
239.000000	23.137046
239.100000	22.943817
239.200000	22.755027
239.300000	22.568706
239.400000	22.387546
239.500000	22.212579
239.600000	22.041214
239.700000	21.881332
239.800000	21.727145
239.900000	21.581466
240.000000	21.448678
240.100000	21.322453
240.200000	21.212590
240.300000	21.112429
240.400000	21.021323
240.500000	20.942101
240.600000	20.866342
240.700000	20.796227
240.800000	20.727297
240.900000	20.659070
241.000000	20.587030
241.100000	20.511462
241.200000	20.429862
241.300000	20.336902
241.400000	20.237577
241.500000	20.119327
241.600000	19.987841
241.700000	19.842218
241.800000	19.667730
241.900000	19.479329
242.000000	19.260876
242.100000	19.019421
242.200000	18.763239
242.300000	18.473939
242.400000	18.173388
242.500000	17.854236
242.600000	17.515890
242.700000	17.168246
242.800000	16.801657
242.900000	16.425641
243.000000	16.040809
243.100000	15.642692
243.200000	15.239878
243.300000	14.828993
243.400000	14.412754
243.500000	13.993636
243.600000	13.570147
243.700000	13.145568
243.800000	12.719635
243.900000	12.290704
244.000000	11.859978
244.100000	11.425033
244.200000	10.985672
244.300000	10.543474
244.400000	10.092162
244.500000	9.636539
244.600000	9.174155
244.700000	8.701607
244.800000	8.223581
244.900000	7.733088
245.000000	7.232827
245.100000	6.725138
245.200000	6.198723
245.300000	5.663717
245.400000	5.114914
245.500000	4.547618
245.600000	3.970117
245.700000	3.370511
245.800000	2.754195
245.900000	2.125744
246.000000	1.469586
246.100000	0.802627
246.200000	0.120208
246.300000	-0.582091
246.400000	-1.294125
246.500000	-2.023114
246.600000	-2.765971
246.700000	-3.517539
246.800000	-4.286587
246.900000	-5.064925
247.000000	-5.851809
247.100000	-6.654382
247.200000	-7.463603
247.300000	-8.282214
247.400000	-9.112316
247.500000	-9.948252
247.600000	-10.793806
247.700000	-11.646554
247.800000	-12.503327
247.900000	-13.365546
248.000000	-14.228932
248.100000	-15.093170
248.200000	-15.955259
248.300000	-16.814457
248.400000	-17.670148
248.500000	-18.516359
248.600000	-19.356504
248.700000	-20.186673
248.800000	-21.002145
248.900000	-21.808418
249.000000	-22.595935
249.100000	-23.365829
249.200000	-24.123525
249.300000	-24.850967
249.400000	-25.560574
249.500000	-26.251326
249.600000	-26.904744
249.700000	-27.539637
249.800000	-28.143557
249.900000	-28.713253
250.000000	-29.264307
250.100000	-29.776531
250.200000	-30.265854
250.300000	-30.735093
250.400000	-31.166018
250.500000	-31.581286
250.600000	-31.969185
250.700000	-32.329898
250.800000	-32.675889
250.900000	-32.987106
251.000000	-33.281258
251.100000	-33.555352
251.200000	-33.798913
251.300000	-34.028929
251.400000	-34.230210
251.500000	-34.410685
251.600000	-34.575895
251.700000	-34.707003
251.800000	-34.824482
251.900000	-34.916156
252.000000	-34.978651
252.100000	-35.025110
252.200000	-35.023067
252.300000	-34.997297
252.400000	-34.936695
252.500000	-34.823940
252.600000	-34.684715
252.700000	-34.479167
252.800000	-34.227569
252.900000	-33.933372
253.000000	-33.548007
253.100000	-33.121639
253.200000	-32.619540
253.300000	-32.048821
253.400000	-31.438279
253.500000	-30.744364
253.600000	-30.006879
253.700000	-29.227700
253.800000	-28.374475
253.900000	-27.488875
254.000000	-26.557190
254.100000	-25.569431
254.200000	-24.551548
254.300000	-23.487459
254.400000	-22.378453
254.500000	-21.241090
254.600000	-20.059908
254.700000	-18.836959
254.800000	-17.584401
254.900000	-16.287416
255.000000	-14.944167
255.100000	-13.567815
255.200000	-12.148068
255.300000	-10.672744
255.400000	-9.159606
255.500000	-7.607007
255.600000	-5.983484
255.700000	-4.315745
255.800000	-2.602029
255.900000	-0.822996
256.000000	1.023470
