# Age_Ma	Sea_level_m
0.000000	0.000000
0.100000	0.848693
0.200000	-37.030280
0.300000	-79.588656
0.400000	-79.491750
0.500000	-79.394843
0.600000	-79.297936
0.700000	-79.201030
0.800000	-79.104123
0.900000	-79.007216
1.000000	-68.881250
1.100000	4.100909
1.200000	12.327340
1.300000	17.314041
1.400000	18.987455
1.500000	17.231115
1.600000	12.553268
1.700000	-24.679041
1.800000	-74.576101
1.900000	-78.280503
2.000000	-23.358637
2.100000	8.565478
2.200000	14.312366
2.300000	12.928721
2.400000	5.690667
2.500000	-66.035945
2.600000	-71.092384
2.700000	-61.940059
2.800000	-13.132811
2.900000	16.044818
3.000000	14.615358
3.100000	-52.962857
3.200000	-71.896364
3.300000	-72.360000
3.400000	-64.669000
3.500000	-4.881818
3.600000	41.503506
3.700000	50.341169
3.800000	54.981429
3.900000	47.950000
4.000000	26.333636
4.100000	-20.330000
4.200000	-27.158142
4.300000	-21.990000
4.400000	67.620000
4.500000	68.254130
4.600000	69.884565
4.700000	74.201429
4.800000	79.725464
4.900000	85.087640
5.000000	86.028643
5.100000	86.969646
5.200000	87.910649
5.300000	88.102748
5.400000	87.891591
5.500000	87.021576
5.600000	84.810535
5.700000	72.714332
5.800000	-12.451702
5.900000	-40.190863
6.000000	-41.208759
6.100000	-37.125058
6.200000	28.920165
6.300000	33.180172
6.400000	34.890726
6.500000	31.467339
6.600000	-11.019355
6.700000	-22.338440
6.800000	-24.699981
6.900000	-25.915283
7.000000	-21.841586
7.100000	-4.070371
7.200000	0.883881
7.300000	4.908756
7.400000	7.530043
7.500000	10.077457
7.600000	11.068436
7.700000	11.145318
7.800000	11.222200
7.900000	11.299082
8.000000	10.261414
8.100000	9.210280
8.200000	8.159146
8.300000	5.430052
8.400000	0.476684
8.500000	-5.409524
8.600000	-12.228571
8.700000	-17.488421
8.800000	-20.409474
8.900000	-22.322941
9.000000	-23.228824
9.100000	-24.134706
9.200000	-24.232583
9.300000	-24.287934
9.400000	-24.343284
9.500000	-24.398635
9.600000	-24.453985
9.700000	-22.428633
9.800000	-18.069934
9.900000	-10.712318
10.000000	-5.342105
10.100000	-1.982000
10.200000	-0.588667
10.300000	-0.590000
10.400000	-2.032000
10.500000	-9.813333
10.600000	-31.546667
10.700000	-55.005000
10.800000	-76.088571
10.900000	-77.800000
11.000000	-53.327273
11.100000	37.473778
11.200000	51.104839
11.300000	53.013077
11.400000	53.390000
11.500000	52.505385
11.600000	49.340787
11.700000	44.919935
11.800000	40.129085
11.900000	56.790000
12.000000	87.638824
12.100000	92.285516
12.200000	94.590448
12.300000	96.119112
12.400000	95.651657
12.500000	95.184201
12.600000	94.716746
12.700000	91.908125
12.800000	88.895294
12.900000	86.012941
13.000000	84.703333
13.100000	84.442222
13.200000	94.666636
13.300000	119.365333
13.400000	125.118667
13.500000	129.256120
13.600000	132.316321
13.700000	135.376522
13.800000	137.751299
13.900000	139.687855
14.000000	141.624411
14.100000	142.873333
14.200000	142.517778
14.300000	142.162222
14.400000	141.806667
14.500000	141.451111
14.600000	140.040392
14.700000	138.365882
14.800000	116.049474
14.900000	56.233704
15.000000	53.412716
15.100000	94.966410
15.200000	122.205714
15.300000	139.095000
15.400000	141.464286
15.500000	142.935714
15.600000	141.822000
15.700000	140.062000
15.800000	134.980000
15.900000	64.676667
16.000000	41.329655
16.100000	43.885000
16.200000	93.321364
16.300000	128.934000
16.400000	133.730592
16.500000	136.307812
16.600000	138.300000
16.700000	137.374380
16.800000	135.101611
16.900000	128.567143
17.000000	117.655714
17.100000	115.717500
17.200000	116.211481
17.300000	117.470741
17.400000	118.730000
17.500000	119.351451
17.600000	119.972902
17.700000	120.594353
17.800000	120.058897
17.900000	119.286483
18.000000	118.514069
18.100000	116.435232
18.200000	114.258063
18.300000	112.080894
18.400000	109.903724
18.500000	107.726555
18.600000	104.921709
18.700000	101.479929
18.800000	98.038148
18.900000	94.596368
19.000000	91.154587
19.100000	87.712807
19.200000	84.291124
19.300000	80.873796
19.400000	77.456467
19.500000	74.039139
19.600000	70.621810
19.700000	67.519921
19.800000	66.322817
19.900000	65.125712
20.000000	64.677524
20.100000	67.273531
20.200000	79.051359
20.300000	105.447799
20.400000	114.768117
20.500000	118.168072
20.600000	119.972058
20.700000	119.205918
20.800000	116.928659
20.900000	107.735153
21.000000	102.580337
21.100000	108.782504
21.200000	113.342284
21.300000	117.188403
21.400000	120.272565
21.500000	123.010515
21.600000	125.748465
21.700000	128.345480
21.800000	129.517485
21.900000	130.689489
22.000000	131.861494
22.100000	133.033498
22.200000	133.408444
22.300000	133.632551
22.400000	133.856657
22.500000	134.080763
22.600000	133.069622
22.700000	132.005380
22.800000	130.941138
22.900000	129.876897
23.000000	128.019130
23.100000	124.015906
23.200000	118.630855
23.300000	110.428365
23.400000	89.479034
23.500000	40.598406
23.600000	34.335596
23.700000	33.586111
23.800000	38.946468
23.900000	69.347584
24.000000	82.973761
24.100000	85.197607
24.200000	84.579915
24.300000	80.903666
24.400000	71.156150
24.500000	57.266050
24.600000	47.419418
24.700000	53.161169
24.800000	57.471678
24.900000	61.451050
25.000000	65.430422
25.100000	69.417697
25.200000	74.187394
25.300000	77.749063
25.400000	79.163125
25.500000	80.577188
25.600000	80.845714
25.700000	80.827857
25.800000	80.810000
25.900000	78.985000
26.000000	77.160000
26.100000	73.847273
26.200000	69.542727
26.300000	62.786207
26.400000	52.351724
26.500000	41.917241
26.600000	33.805556
26.700000	31.121000
26.800000	30.506000
26.900000	31.760000
27.000000	35.618000
27.100000	51.698000
27.200000	58.567778
27.300000	59.297407
27.400000	60.027037
27.500000	60.756667
27.600000	61.486296
27.700000	61.883043
27.800000	60.948261
27.900000	60.013478
28.000000	59.078696
28.100000	58.143913
28.200000	57.209130
28.300000	55.688084
28.400000	52.088467
28.500000	48.488851
28.600000	44.889234
28.700000	41.289617
28.800000	37.690000
28.900000	24.436154
29.000000	9.699378
29.100000	6.093161
29.200000	2.979150
29.300000	2.268265
29.400000	1.557381
29.500000	1.482596
29.600000	3.537363
29.700000	5.592130
29.800000	7.646897
29.900000	9.701663
30.000000	40.471429
30.100000	138.242857
30.200000	138.468571
30.300000	155.340000
30.400000	168.530543
30.500000	173.132353
30.600000	177.381808
30.700000	178.068566
30.800000	178.755323
30.900000	177.105771
31.000000	175.414779
31.100000	174.261646
31.200000	174.416129
31.300000	178.103823
31.400000	181.154167
31.500000	184.040108
31.600000	186.926049
31.700000	189.811990
31.800000	192.418494
31.900000	193.543384
32.000000	194.668274
32.100000	195.793164
32.200000	196.275126
32.300000	196.284023
32.400000	196.292920
32.500000	196.071743
32.600000	194.954326
32.700000	193.836909
32.800000	192.719492
32.900000	188.805697
33.000000	184.706461
33.100000	180.607226
33.200000	164.109437
33.300000	126.456645
33.400000	104.113979
33.500000	103.021748
33.600000	103.470344
33.700000	111.343087
33.800000	147.620654
33.900000	150.912078
34.000000	150.379945
34.100000	146.472556
34.200000	133.553335
34.300000	132.333171
34.400000	137.262887
34.500000	139.669358
34.600000	140.675071
34.700000	141.680784
34.800000	142.686497
34.900000	140.790104
35.000000	138.730647
35.100000	136.671189
35.200000	129.166570
35.300000	127.289692
35.400000	125.412815
35.500000	126.039686
35.600000	127.659096
35.700000	129.278506
35.800000	130.991667
35.900000	132.725408
36.000000	132.183043
36.100000	130.512409
36.200000	128.841775
36.300000	123.645992
36.400000	109.322703
36.500000	100.803167
36.600000	98.987618
36.700000	97.172070
36.800000	95.356521
36.900000	119.653200
37.000000	159.409222
37.100000	165.139567
37.200000	170.785969
37.300000	174.665592
37.400000	175.265061
37.500000	175.524490
37.600000	175.783919
37.700000	175.659834
37.800000	174.853411
37.900000	174.046988
38.000000	173.240565
38.100000	172.434142
38.200000	172.130896
38.300000	172.476320
38.400000	172.821743
38.500000	173.167167
38.600000	174.227619
38.700000	175.855490
38.800000	177.483362
38.900000	187.201301
39.000000	188.697078
39.100000	190.192855
39.200000	191.688632
39.300000	192.320740
39.400000	192.210549
39.500000	192.100357
39.600000	191.096234
39.700000	186.019754
39.800000	180.943274
39.900000	170.494307
40.000000	159.798176
40.100000	150.431182
40.200000	144.657781
40.300000	142.988134
40.400000	141.801329
40.500000	140.614525
40.600000	139.663752
40.700000	139.682922
40.800000	139.702091
40.900000	139.875185
41.000000	142.234047
41.100000	144.592910
41.200000	148.060980
41.300000	155.965877
41.400000	163.870775
41.500000	170.621603
41.600000	174.940413
41.700000	175.807178
41.800000	176.673944
41.900000	177.540709
42.000000	177.528519
42.100000	176.653815
42.200000	175.779111
42.300000	174.904407
42.400000	173.976188
42.500000	173.027217
42.600000	172.341919
42.700000	172.939854
42.800000	173.537790
42.900000	174.712016
43.000000	178.569201
43.100000	182.426386
43.200000	186.283571
43.300000	190.038970
43.400000	193.776486
43.500000	197.514002
43.600000	200.848768
43.700000	202.440533
43.800000	204.032297
43.900000	205.624061
44.000000	207.215825
44.100000	208.546902
44.200000	208.871979
44.300000	209.197056
44.400000	209.522133
44.500000	209.847211
44.600000	210.172288
44.700000	210.497365
44.800000	210.822442
44.900000	209.925124
45.000000	208.914581
45.100000	207.904037
45.200000	206.893494
45.300000	205.882951
45.400000	203.673917
45.500000	200.927220
45.600000	198.224020
45.700000	195.535618
45.800000	193.820959
45.900000	192.874531
46.000000	191.928104
46.100000	192.769475
46.200000	193.841387
46.300000	194.913299
46.400000	195.985212
46.500000	197.774016
46.600000	200.200915
46.700000	202.627813
46.800000	205.054712
46.900000	207.481611
47.000000	209.618588
47.100000	211.733949
47.200000	213.117046
47.300000	213.386840
47.400000	213.656634
47.500000	213.926429
47.600000	214.196223
47.700000	212.291412
47.800000	209.735079
47.900000	206.247775
48.000000	175.978091
48.100000	165.205274
48.200000	161.488841
48.300000	161.057607
48.400000	160.626374
48.500000	163.911109
48.600000	168.265313
48.700000	183.636923
48.800000	185.020674
48.900000	186.020908
49.000000	185.661398
49.100000	183.309440
49.200000	170.926811
49.300000	138.421286
49.400000	105.915762
49.500000	79.117554
49.600000	74.637100
49.700000	74.036820
49.800000	80.968645
49.900000	119.277629
50.000000	174.556104
50.100000	196.657561
50.200000	199.613957
50.300000	197.087820
50.400000	197.912857
50.500000	201.678058
50.600000	205.957502
50.700000	204.138639
50.800000	203.555502
50.900000	205.481266
51.000000	207.451568
51.100000	210.490766
51.200000	211.397868
51.300000	211.895909
51.400000	209.327500
51.500000	194.681191
51.600000	180.435401
51.700000	176.909957
51.800000	178.250976
51.900000	179.591995
52.000000	187.537206
52.100000	199.639092
52.200000	212.310104
52.300000	216.887255
52.400000	211.998456
52.500000	206.580912
52.600000	212.251120
52.700000	216.246320
52.800000	220.106190
52.900000	218.193736
53.000000	210.915556
53.100000	209.819445
53.200000	210.843752
53.300000	211.868059
53.400000	212.274744
53.500000	212.597967
53.600000	212.921190
53.700000	213.244413
53.800000	213.567636
53.900000	213.890859
54.000000	213.648991
54.100000	212.609983
54.200000	211.570974
54.300000	210.531965
54.400000	201.321114
54.500000	180.399771
54.600000	160.369910
54.700000	157.355162
54.800000	154.340413
54.900000	155.619098
55.000000	156.912663
55.100000	168.707567
55.200000	194.423031
55.300000	191.539436
55.400000	161.511241
55.500000	138.455739
55.600000	130.864009
55.700000	149.588565
55.800000	177.214930
55.900000	117.616837
56.000000	176.626930
56.100000	181.346744
56.200000	185.277157
56.300000	187.692180
56.400000	190.107204
56.500000	191.842023
56.600000	192.395044
56.700000	192.948064
56.800000	193.376528
56.900000	193.248113
57.000000	193.119699
57.100000	192.991284
57.200000	191.572161
57.300000	190.140000
57.400000	186.496742
57.500000	182.853483
57.600000	179.210225
57.700000	172.500478
57.800000	161.887928
57.900000	151.275378
58.000000	140.662829
58.100000	130.050279
58.200000	119.437729
58.300000	108.825179
58.400000	98.212629
58.500000	87.600080
58.600000	76.987530
58.700000	62.988000
58.800000	59.301687
58.900000	57.325783
59.000000	96.695136
59.100000	195.561322
59.200000	197.081873
59.300000	186.332144
59.400000	156.225614
59.500000	132.835824
59.600000	126.000141
59.700000	127.411975
59.800000	138.103967
59.900000	156.982605
60.000000	174.384150
60.100000	185.338802
60.200000	190.997888
60.300000	193.133215
60.400000	192.421556
60.500000	189.313654
60.600000	183.611766
60.700000	174.221822
60.800000	164.066698
60.900000	157.943598
61.000000	155.985735
61.100000	156.750894
61.200000	161.484839
61.300000	172.132451
61.400000	181.168373
61.500000	185.305025
61.600000	186.568805
61.700000	185.710009
61.800000	181.480536
61.900000	171.738317
62.000000	156.421699
62.100000	140.235794
62.200000	131.188293
62.300000	131.416611
62.400000	148.904045
62.500000	169.117972
62.600000	182.766990
62.700000	187.565518
62.800000	187.933807
62.900000	183.233613
63.000000	162.752057
63.100000	130.588395
63.200000	111.120922
63.300000	103.632103
63.400000	100.888164
63.500000	100.918026
63.600000	104.771332
63.700000	115.297228
63.800000	131.817757
63.900000	151.486244
64.000000	167.862116
64.100000	179.756932
64.200000	187.253747
64.300000	190.662738
64.400000	191.183966
64.500000	188.036788
64.600000	176.058474
64.700000	162.705174
64.800000	161.117485
64.900000	169.271620
65.000000	174.585484
65.100000	182.522706
65.200000	189.965208
65.300000	194.607857
65.400000	195.733821
65.500000	190.907163
65.600000	169.540082
65.700000	167.412143
65.800000	169.022500
65.900000	178.319290
66.000000	190.663137
66.100000	197.636694
66.200000	199.315871
66.300000	191.317055
66.400000	155.603170
66.500000	147.507690
66.600000	146.810656
66.700000	148.767970
66.800000	155.701516
66.900000	169.062330
67.000000	183.702757
67.100000	192.799851
67.200000	198.569567
67.300000	202.004858
67.400000	203.864069
67.500000	204.178308
67.600000	203.965740
67.700000	203.082443
67.800000	201.380197
67.900000	198.975470
68.000000	196.034756
68.100000	192.313712
68.200000	188.365120
68.300000	184.162845
68.400000	179.931029
68.500000	177.557500
68.600000	176.194497
68.700000	178.381801
68.800000	186.535819
68.900000	199.228613
69.000000	206.806569
69.100000	208.216552
69.200000	201.321315
69.300000	179.518942
69.400000	179.164240
69.500000	200.979099
69.600000	210.201215
69.700000	212.741573
69.800000	212.860267
69.900000	211.136749
70.000000	205.096723
70.100000	182.162082
70.200000	173.056442
70.300000	172.125456
70.400000	174.253184
70.500000	182.154694
70.600000	198.541074
70.700000	210.787624
70.800000	216.439456
70.900000	219.147481
71.000000	219.355433
71.100000	218.322772
71.200000	214.497255
71.300000	204.452756
71.400000	192.514460
71.500000	178.357034
71.600000	175.626681
71.700000	176.684254
71.800000	187.142568
71.900000	206.886502
72.000000	216.866466
72.100000	220.918962
72.200000	222.521516
72.300000	222.710862
72.400000	221.538110
72.500000	218.168132
72.600000	211.980190
72.700000	201.463252
72.800000	185.044616
72.900000	165.745230
73.000000	151.468456
73.100000	146.272534
73.200000	146.025379
73.300000	150.069073
73.400000	158.691862
73.500000	171.203943
73.600000	180.875636
73.700000	199.030489
73.800000	211.080922
73.900000	216.074016
74.000000	220.812781
74.100000	224.832339
74.200000	223.814749
74.300000	220.366683
74.400000	215.391214
74.500000	207.412520
74.600000	197.397008
74.700000	189.123845
74.800000	185.241879
74.900000	184.492028
75.000000	186.110461
75.100000	191.391116
75.200000	200.467759
75.300000	210.802619
75.400000	220.631849
75.500000	226.083347
75.600000	227.819273
75.700000	226.214714
75.800000	217.758661
75.900000	196.462923
76.000000	180.778324
76.100000	174.984443
76.200000	173.835383
76.300000	175.595908
76.400000	185.091782
76.500000	200.300506
76.600000	212.629599
76.700000	219.625552
76.800000	223.757900
76.900000	226.163968
77.000000	227.276023
77.100000	227.755113
77.200000	227.828270
77.300000	227.460192
77.400000	226.457176
77.500000	224.579958
77.600000	221.653097
77.700000	217.543219
77.800000	211.063793
77.900000	200.372432
78.000000	189.916796
78.100000	186.267610
78.200000	186.527402
78.300000	189.814648
78.400000	197.139562
78.500000	206.694877
78.600000	213.650954
78.700000	218.047753
78.800000	220.605249
78.900000	221.539990
79.000000	221.313110
79.100000	219.873855
79.200000	216.675229
79.300000	208.641048
79.400000	190.054351
79.500000	159.225909
79.600000	153.883481
79.700000	154.500043
79.800000	159.633187
79.900000	171.788678
80.000000	191.425863
80.100000	207.346042
80.200000	218.656679
80.300000	222.014529
80.400000	219.477188
80.500000	187.858465
80.600000	171.471595
80.700000	170.843028
80.800000	172.674679
80.900000	178.317463
81.000000	184.849689
81.100000	193.606715
81.200000	201.544515
81.300000	208.200022
81.400000	213.747504
81.500000	217.453006
81.600000	219.277037
81.700000	218.968975
81.800000	216.516509
81.900000	209.749004
82.000000	200.258438
82.100000	187.266184
82.200000	177.991377
82.300000	174.423578
82.400000	175.229990
82.500000	181.067863
82.600000	192.255802
82.700000	203.547087
82.800000	210.424499
82.900000	213.814735
83.000000	215.194184
83.100000	214.767356
83.200000	211.631175
83.300000	204.885259
83.400000	176.951565
83.500000	137.042839
83.600000	129.761818
83.700000	128.175345
83.800000	132.795739
83.900000	146.772517
84.000000	175.292812
84.100000	199.709775
84.200000	209.555904
84.300000	212.548605
84.400000	211.373265
84.500000	188.913291
84.600000	135.512401
84.700000	130.958948
84.800000	131.531320
84.900000	137.554390
85.000000	153.476695
85.100000	179.897649
85.200000	201.325133
85.300000	208.540115
85.400000	209.092183
85.500000	202.674737
85.600000	177.254298
85.700000	156.987050
85.800000	159.758263
85.900000	187.059784
86.000000	206.354144
86.100000	207.352142
86.200000	176.258011
86.300000	159.477151
86.400000	160.207169
86.500000	172.758944
86.600000	197.729728
86.700000	207.625636
86.800000	210.794862
86.900000	211.113327
87.000000	209.048530
87.100000	200.667273
87.200000	170.673329
87.300000	136.839246
87.400000	128.017518
87.500000	126.491467
87.600000	128.369471
87.700000	135.921331
87.800000	150.494206
87.900000	175.100241
88.000000	194.209607
88.100000	205.762501
88.200000	211.949177
88.300000	214.205665
88.400000	214.454268
88.500000	212.077199
88.600000	201.945076
88.700000	142.162119
88.800000	136.145485
88.900000	136.572287
89.000000	142.591575
89.100000	160.626315
89.200000	187.642093
89.300000	208.450716
89.400000	219.594113
89.500000	225.469159
89.600000	228.102646
89.700000	228.312064
89.800000	226.674809
89.900000	220.610392
90.000000	203.385159
90.100000	165.687921
90.200000	141.705118
90.300000	133.552600
90.400000	130.011877
90.500000	129.142261
90.600000	129.549529
90.700000	132.484752
90.800000	138.897581
90.900000	156.302066
91.000000	207.189276
91.100000	240.136904
91.200000	246.312918
91.300000	244.709646
91.400000	235.960572
91.500000	225.896907
91.600000	222.958155
91.700000	238.363029
91.800000	250.733374
91.900000	234.381664
92.000000	188.927895
92.100000	190.159514
92.200000	241.105766
92.300000	252.468181
92.400000	247.209348
92.500000	228.619726
92.600000	217.821162
92.700000	223.047315
92.800000	235.641847
92.900000	245.784911
93.000000	247.887612
93.100000	239.399895
93.200000	223.503913
93.300000	221.785382
93.400000	233.164784
93.500000	242.049562
93.600000	241.803184
93.700000	211.876120
93.800000	123.752609
93.900000	117.154920
94.000000	119.827660
94.100000	133.209539
94.200000	156.672512
94.300000	182.049195
94.400000	202.167977
94.500000	216.588268
94.600000	225.093309
94.700000	228.828065
94.800000	228.978105
94.900000	224.840706
95.000000	212.412001
95.100000	194.807471
95.200000	184.921799
95.300000	182.357214
95.400000	183.465686
95.500000	189.083401
95.600000	198.936469
95.700000	209.834122
95.800000	219.012763
95.900000	224.622024
96.000000	226.559496
96.100000	224.292419
96.200000	213.784201
96.300000	187.815475
96.400000	159.647557
96.500000	145.418151
96.600000	142.393562
96.700000	147.287519
96.800000	178.091472
96.900000	217.416563
97.000000	227.784840
97.100000	215.982704
97.200000	169.397584
97.300000	169.530520
97.400000	183.511792
97.500000	212.832844
97.600000	230.129069
97.700000	232.709209
97.800000	229.899930
97.900000	217.471516
98.000000	180.471026
98.100000	154.692479
98.200000	136.964484
98.300000	130.744264
98.400000	130.148416
98.500000	136.266064
98.600000	165.219362
98.700000	196.180758
98.800000	210.270027
98.900000	217.948118
99.000000	222.933319
99.100000	226.216625
99.200000	228.198920
99.300000	229.177794
99.400000	229.552657
99.500000	228.933815
99.600000	226.747168
99.700000	222.302365
99.800000	216.010233
99.900000	206.334830
100.000000	191.854144
100.100000	172.226783
100.200000	152.509710
100.300000	137.255321
100.400000	129.469822
100.500000	128.182857
100.600000	130.503715
100.700000	137.850158
100.800000	151.698958
100.900000	171.474109
101.000000	190.573110
101.100000	200.418113
101.200000	202.467523
101.300000	184.795013
101.400000	122.998534
101.500000	123.682550
101.600000	138.518481
101.700000	163.576155
101.800000	182.361904
101.900000	189.189667
102.000000	189.721512
102.100000	181.786533
102.200000	158.131994
102.300000	137.080819
102.400000	131.374182
102.500000	131.961582
102.600000	136.808746
102.700000	143.886066
102.800000	152.407972
102.900000	160.060052
103.000000	166.437108
103.100000	170.436551
103.200000	172.942655
103.300000	173.975445
103.400000	173.449830
103.500000	170.913569
103.600000	166.330269
103.700000	160.004956
103.800000	151.656265
103.900000	142.496262
104.000000	132.302196
104.100000	122.799527
104.200000	113.984648
104.300000	107.041754
104.400000	102.144250
104.500000	99.942809
104.600000	99.917108
104.700000	101.742079
104.800000	106.657090
104.900000	116.240075
105.000000	130.227211
105.100000	144.238036
105.200000	153.088898
105.300000	155.504940
105.400000	153.560727
105.500000	145.109886
105.600000	130.566139
105.700000	113.752917
105.800000	95.659259
105.900000	78.908478
106.000000	65.517508
106.100000	58.078067
106.200000	57.367481
106.300000	64.461337
106.400000	84.252773
106.500000	110.560109
106.600000	132.237478
106.700000	142.932071
106.800000	145.155987
106.900000	142.316076
107.000000	131.560519
107.100000	111.932243
107.200000	95.504516
107.300000	89.043867
107.400000	89.328822
107.500000	97.512789
107.600000	118.820995
107.700000	137.609866
107.800000	143.863399
107.900000	137.354084
108.000000	79.091427
108.100000	74.972499
108.200000	78.798301
108.300000	89.964351
108.400000	105.648571
108.500000	119.252102
108.600000	130.061418
108.700000	136.960377
108.800000	140.177446
108.900000	140.726542
109.000000	138.661537
109.100000	131.367067
109.200000	114.371431
109.300000	85.840101
109.400000	57.196409
109.500000	41.730106
109.600000	38.214212
109.700000	40.766374
109.800000	50.633986
109.900000	66.779920
110.000000	85.337262
110.100000	102.255135
110.200000	115.606507
110.300000	125.692887
110.400000	132.167644
110.500000	135.324669
110.600000	136.613401
110.700000	135.226819
110.800000	128.902607
110.900000	111.446435
111.000000	87.293848
111.100000	77.083286
111.200000	74.838802
111.300000	75.732003
111.400000	79.415679
111.500000	85.494344
111.600000	93.827999
111.700000	104.099925
111.800000	114.040694
111.900000	122.325594
112.000000	129.226336
112.100000	133.251606
112.200000	134.938018
112.300000	132.669739
112.400000	113.430812
112.500000	83.264569
112.600000	73.478620
112.700000	73.677229
112.800000	78.011787
112.900000	87.504019
113.000000	100.595093
113.100000	113.628433
113.200000	124.016785
113.300000	131.204108
113.400000	133.651671
113.500000	132.212416
113.600000	123.536424
113.700000	104.596101
113.800000	90.905006
113.900000	84.359569
114.000000	81.435840
114.100000	80.462866
114.200000	80.514726
114.300000	81.966597
114.400000	85.114576
114.500000	90.013645
114.600000	97.925082
114.700000	107.880339
114.800000	117.461629
114.900000	125.303623
115.000000	130.786944
115.100000	134.063550
115.200000	135.655513
115.300000	135.905382
115.400000	135.317946
115.500000	133.648260
115.600000	130.934251
115.700000	127.159910
115.800000	122.355879
115.900000	116.445357
116.000000	108.886181
116.100000	100.618554
116.200000	92.926365
116.300000	87.011283
116.400000	82.148242
116.500000	79.880641
116.600000	79.821004
116.700000	81.955552
116.800000	86.814411
116.900000	94.394345
117.000000	104.602905
117.100000	115.796967
117.200000	126.503646
117.300000	134.536202
117.400000	140.079897
117.500000	143.074070
117.600000	143.302555
117.700000	139.977378
117.800000	131.455579
117.900000	116.028446
118.000000	101.057065
118.100000	92.534923
118.200000	88.299571
118.300000	87.015808
118.400000	87.997252
118.500000	92.103412
118.600000	101.348349
118.700000	120.488396
118.800000	135.825083
118.900000	143.757728
119.000000	147.708267
119.100000	149.112453
119.200000	149.041234
119.300000	147.206251
119.400000	143.593415
119.500000	137.555292
119.600000	128.601197
119.700000	116.481865
119.800000	102.869232
119.900000	88.126213
120.000000	73.675348
120.100000	61.573376
120.200000	53.153924
120.300000	48.046761
120.400000	45.062728
120.500000	44.480594
120.600000	46.356844
120.700000	51.126037
120.800000	59.923800
120.900000	73.752246
121.000000	96.459535
121.100000	125.411667
121.200000	147.591727
121.300000	154.057916
121.400000	151.415416
121.500000	139.652847
121.600000	127.890277
121.700000	116.127708
121.800000	104.365139
121.900000	94.947331
122.000000	87.954206
122.100000	80.961081
122.200000	73.967956
122.300000	66.974830
122.400000	59.981705
122.500000	53.343259
122.600000	53.293591
122.700000	53.243923
122.800000	53.194255
122.900000	53.144586
123.000000	53.094918
123.100000	53.045250
123.200000	53.897584
123.300000	55.325299
123.400000	56.753013
123.500000	58.180728
123.600000	59.608442
123.700000	61.036157
123.800000	81.416714
123.900000	156.331027
124.000000	141.729197
124.100000	94.871894
124.200000	99.705442
124.300000	110.989311
124.400000	120.449954
124.500000	130.407392
124.600000	141.083219
124.700000	144.678835
124.800000	146.471742
124.900000	148.264648
125.000000	150.057554
125.100000	151.850461
125.200000	153.643367
125.300000	155.436273
125.400000	157.229180
125.500000	159.022086
125.600000	160.814992
125.700000	162.253172
125.800000	162.604100
125.900000	162.955028
126.000000	163.305956
126.100000	162.345156
126.200000	157.504549
126.300000	152.663942
126.400000	147.823336
126.500000	142.982729
126.600000	150.632426
126.700000	160.315428
126.800000	163.955333
126.900000	156.959491
127.000000	151.213000
127.100000	141.507615
127.200000	157.442040
127.300000	109.363047
127.400000	71.692283
127.500000	132.108672
127.600000	152.952802
127.700000	156.904984
127.800000	120.259371
127.900000	82.551049
128.000000	73.456342
128.100000	82.993536
128.200000	98.058518
128.300000	111.591750
128.400000	101.127566
128.500000	90.663382
128.600000	84.813603
128.700000	131.446482
128.800000	122.068832
128.900000	112.691182
129.000000	103.313533
129.100000	93.935883
129.200000	93.672296
129.300000	99.402988
129.400000	104.375825
129.500000	109.348663
129.600000	114.321501
129.700000	119.294339
129.800000	113.290252
129.900000	101.667731
130.000000	100.081980
130.100000	102.400078
130.200000	104.718176
130.300000	107.036274
130.400000	109.354372
130.500000	111.033811
130.600000	111.860811
130.700000	110.049810
130.800000	102.003928
130.900000	93.958046
131.000000	85.912163
131.100000	77.866281
131.200000	89.078670
131.300000	87.415371
131.400000	84.332127
131.500000	93.272923
131.600000	94.720702
131.700000	95.057766
131.800000	95.394830
131.900000	95.267761
132.000000	94.945379
132.100000	94.622998
132.200000	94.300617
132.300000	93.978235
132.400000	93.208843
132.500000	91.635286
132.600000	89.945449
132.700000	88.129642
132.800000	86.232007
132.900000	83.257591
133.000000	80.283174
133.100000	77.433135
133.200000	74.646812
133.300000	71.860490
133.400000	49.574535
133.500000	38.175969
133.600000	45.850690
133.700000	47.213274
133.800000	48.575858
133.900000	49.938441
134.000000	51.301025
134.100000	53.331677
134.200000	55.417965
134.300000	59.662644
134.400000	74.058902
134.500000	74.796667
134.600000	75.049884
134.700000	75.217592
134.800000	75.229390
134.900000	75.137248
135.000000	75.045107
135.100000	74.952965
135.200000	74.860823
135.300000	74.768681
135.400000	73.853492
135.500000	72.747220
135.600000	66.996917
135.700000	36.186552
135.800000	36.356091
135.900000	36.783432
136.000000	37.311028
136.100000	37.838624
136.200000	60.452296
136.300000	65.165527
136.400000	69.878758
136.500000	73.872677
136.600000	76.247802
136.700000	75.194842
136.800000	63.985849
136.900000	40.238955
137.000000	25.084847
137.100000	22.411719
137.200000	19.738592
137.300000	17.065464
137.400000	16.022502
137.500000	16.080887
137.600000	16.139271
137.700000	44.325337
137.800000	86.687683
137.900000	85.679795
138.000000	63.275551
138.100000	52.274502
138.200000	50.157666
138.300000	49.803585
138.400000	51.178619
138.500000	53.396965
138.600000	59.457063
138.700000	63.339213
138.800000	66.379626
138.900000	69.533430
139.000000	72.964847
139.100000	76.396263
139.200000	79.914830
139.300000	83.447732
139.400000	86.753677
139.500000	89.755686
139.600000	92.757695
139.700000	103.560770
139.800000	106.810082
139.900000	99.636107
140.000000	83.061607
140.100000	63.211751
140.200000	44.725585
140.300000	32.916491
140.400000	32.726969
140.500000	38.972223
140.600000	41.750611
140.700000	44.528999
140.800000	47.493763
140.900000	51.204031
141.000000	54.914299
141.100000	58.624566
141.200000	63.717706
141.300000	69.732760
141.400000	75.747814
141.500000	81.762868
141.600000	89.790748
141.700000	97.818627
141.800000	107.752812
141.900000	89.090255
142.000000	50.066919
142.100000	20.204692
142.200000	19.216720
142.300000	74.527130
142.400000	96.922519
142.500000	81.302040
142.600000	50.054838
142.700000	20.675073
142.800000	59.125898
142.900000	61.459665
143.000000	63.793432
143.100000	66.127199
143.200000	68.460966
143.300000	70.794733
143.400000	73.128500
143.500000	75.462267
143.600000	77.796034
143.700000	80.129801
143.800000	95.490783
143.900000	33.272755
144.000000	74.996705
144.100000	92.568750
144.200000	99.594393
144.300000	102.215315
144.400000	39.570059
144.500000	36.944682
144.600000	34.319305
144.700000	31.693927
144.800000	29.068550
144.900000	26.443173
145.000000	23.817796
145.100000	23.744931
145.200000	33.269282
145.300000	64.399573
145.400000	98.054976
145.500000	114.754500
145.600000	109.271997
145.700000	83.964856
145.800000	46.921846
145.900000	22.971290
146.000000	21.151043
146.100000	45.086300
146.200000	85.644838
146.300000	120.807551
146.400000	124.630812
146.500000	107.279550
146.600000	46.548464
146.700000	94.392370
146.800000	130.301280
146.900000	77.346002
147.000000	30.100244
147.100000	25.962410
147.200000	30.033065
147.300000	39.684349
147.400000	49.335634
147.500000	63.133148
147.600000	79.400756
147.700000	95.668364
147.800000	108.092735
147.900000	119.376317
148.000000	130.659900
148.100000	134.923270
148.200000	138.539145
148.300000	130.468070
148.400000	120.865226
148.500000	118.616552
148.600000	116.367877
148.700000	114.119203
148.800000	111.870528
148.900000	109.621853
149.000000	107.373179
149.100000	105.124504
149.200000	53.292950
149.300000	87.444360
149.400000	127.049315
149.500000	142.875978
149.600000	145.301659
149.700000	147.727340
149.800000	144.577855
149.900000	121.736967
150.000000	65.255138
150.100000	45.819099
150.200000	92.675996
150.300000	96.369444
150.400000	100.062892
150.500000	103.756340
150.600000	107.449788
150.700000	111.143236
150.800000	114.836685
150.900000	131.951803
151.000000	141.582436
151.100000	96.004460
151.200000	71.694830
151.300000	57.262702
151.400000	51.448056
151.500000	46.401073
151.600000	47.026542
151.700000	81.394385
151.800000	65.905298
151.900000	51.488611
152.000000	60.713382
152.100000	85.429732
152.200000	99.582454
152.300000	113.735177
152.400000	129.873758
152.500000	135.501295
152.600000	133.489782
152.700000	125.262700
152.800000	89.580972
152.900000	120.343958
153.000000	129.573685
153.100000	130.756360
153.200000	131.939035
153.300000	42.499615
153.400000	79.836749
153.500000	125.316810
153.600000	85.777974
153.700000	68.428693
153.800000	76.136433
153.900000	110.756043
154.000000	117.045082
154.100000	122.807970
154.200000	87.746053
154.300000	64.567910
154.400000	72.777037
154.500000	86.123204
154.600000	112.878717
154.700000	101.047330
154.800000	87.453425
154.900000	67.791595
155.000000	90.936730
155.100000	107.341146
155.200000	101.293404
155.300000	86.642587
155.400000	55.546627
155.500000	18.149081
155.600000	24.148014
155.700000	70.986669
155.800000	86.740758
155.900000	91.738165
156.000000	96.735571
156.100000	87.929691
156.200000	79.439435
156.300000	70.054837
156.400000	43.599958
156.500000	14.414238
156.600000	-5.035122
156.700000	-14.649085
156.800000	-22.568055
156.900000	-19.500473
157.000000	-2.491057
157.100000	14.943084
157.200000	48.567398
157.300000	82.068719
157.400000	79.568536
157.500000	72.819594
157.600000	61.279499
157.700000	10.802104
157.800000	-26.412495
157.900000	-24.527282
158.000000	-22.642070
158.100000	72.382253
158.200000	69.247193
158.300000	61.355862
158.400000	45.366016
158.500000	-3.166145
158.600000	4.614697
158.700000	16.974304
158.800000	31.589125
158.900000	46.203946
159.000000	60.818767
159.100000	32.496790
159.200000	60.270864
159.300000	27.306193
159.400000	-8.966150
159.500000	5.176278
159.600000	55.360246
159.700000	57.305113
159.800000	56.361351
159.900000	41.314281
160.000000	26.267211
160.100000	-29.554713
160.200000	-30.941593
160.300000	-4.466002
160.400000	14.299099
160.500000	25.940173
160.600000	37.805066
160.700000	50.391406
160.800000	56.624027
160.900000	56.763685
161.000000	55.647868
161.100000	54.177861
161.200000	48.002180
161.300000	33.132811
161.400000	21.011623
161.500000	16.516025
161.600000	12.020428
161.700000	6.137330
161.800000	10.184260
161.900000	21.337626
162.000000	33.193827
162.100000	45.050027
162.200000	58.671784
162.300000	53.391868
162.400000	18.906862
162.500000	-1.323014
162.600000	1.205258
162.700000	25.228107
162.800000	59.492885
162.900000	57.548124
163.000000	-22.686022
163.100000	-23.194663
163.200000	-22.418534
163.300000	-11.247445
163.400000	-0.076356
163.500000	58.026151
163.600000	60.986685
163.700000	53.229397
163.800000	34.253588
163.900000	21.121746
164.000000	12.064155
164.100000	-1.122421
164.200000	21.102642
164.300000	51.995173
164.400000	62.673327
164.500000	49.066873
164.600000	38.294583
164.700000	58.339313
164.800000	65.221109
164.900000	20.098343
165.000000	-16.315258
165.100000	2.984547
165.200000	31.425429
165.300000	61.006549
165.400000	65.066660
165.500000	66.799280
165.600000	66.555497
165.700000	62.918281
165.800000	48.518043
165.900000	19.514101
166.000000	7.860766
166.100000	-4.091310
166.200000	7.833813
166.300000	29.970624
166.400000	51.343897
166.500000	46.768175
166.600000	1.618147
166.700000	-28.254608
166.800000	-30.216146
166.900000	-32.177684
167.000000	16.908366
167.100000	41.013569
167.200000	41.367530
167.300000	41.721490
167.400000	40.407079
167.500000	1.491868
167.600000	-12.402766
167.700000	-25.932156
167.800000	-37.017223
167.900000	-22.386246
168.000000	-2.448983
168.100000	17.488279
168.200000	26.956683
168.300000	29.124041
168.400000	5.170988
168.500000	-25.922630
168.600000	-41.836436
168.700000	-34.195069
168.800000	-16.475485
168.900000	2.750039
169.000000	21.975563
169.100000	19.689380
169.200000	-1.091567
169.300000	-21.872514
169.400000	2.160127
169.500000	33.783532
169.600000	26.801520
169.700000	19.819509
169.800000	-27.077232
169.900000	-40.952346
170.000000	4.568301
170.100000	27.437836
170.200000	40.830638
170.300000	42.162145
170.400000	22.101476
170.500000	-52.945829
170.600000	-56.360345
170.700000	48.112831
170.800000	51.827139
170.900000	52.914018
171.000000	51.902244
171.100000	48.105009
171.200000	40.732035
171.300000	27.616781
171.400000	8.348473
171.500000	-21.225142
171.600000	-56.625534
171.700000	-75.530563
171.800000	-67.261196
171.900000	-40.657638
172.000000	-8.784548
172.100000	14.387164
172.200000	28.878060
172.300000	36.261223
172.400000	35.736382
172.500000	-70.180097
172.600000	-88.938531
172.700000	-70.315203
172.800000	5.957480
172.900000	21.230163
173.000000	23.789884
173.100000	20.180051
173.200000	4.718099
173.300000	-33.231819
173.400000	-34.805887
173.500000	-22.786415
173.600000	-0.507264
173.700000	17.049948
173.800000	20.915552
173.900000	17.660011
174.000000	9.523328
174.100000	-0.418776
174.200000	-11.438163
174.300000	-22.729319
174.400000	-33.604241
174.500000	-43.199496
174.600000	-50.228769
174.700000	-49.547322
174.800000	10.429491
174.900000	37.780948
175.000000	40.974916
175.100000	37.484754
175.200000	28.616305
175.300000	13.464182
175.400000	-3.394926
175.500000	-16.901367
175.600000	-21.888419
175.700000	-12.183367
175.800000	33.156841
175.900000	51.825749
176.000000	59.455247
176.100000	60.547825
176.200000	53.930358
176.300000	38.680066
176.400000	16.339843
176.500000	0.401937
176.600000	-6.601347
176.700000	-5.942393
176.800000	33.290185
176.900000	73.112821
177.000000	72.001798
177.100000	62.299642
177.200000	42.203773
177.300000	29.438416
177.400000	32.160457
177.500000	60.171786
177.600000	78.148768
177.700000	79.266715
177.800000	64.725778
177.900000	45.020599
178.000000	34.062635
178.100000	33.083745
178.200000	45.984625
178.300000	68.142753
178.400000	81.378950
178.500000	81.908983
178.600000	73.254713
178.700000	53.856355
178.800000	33.926498
178.900000	21.625723
179.000000	25.836633
179.100000	78.132743
179.200000	81.439734
179.300000	70.065116
179.400000	31.012632
179.500000	11.627486
179.600000	9.177292
179.700000	17.236047
179.800000	46.726962
179.900000	66.226821
180.000000	72.008440
180.100000	74.183832
180.200000	72.847670
180.300000	64.570769
180.400000	47.071251
180.500000	23.942471
180.600000	18.217801
180.700000	30.791124
180.800000	50.380456
180.900000	58.678948
181.000000	57.066730
181.100000	46.695492
181.200000	34.033357
181.300000	19.540355
181.400000	5.402252
181.500000	-7.695324
181.600000	-19.479033
181.700000	-29.195767
181.800000	-35.046865
181.900000	-38.243721
182.000000	-38.369729
182.100000	-35.220785
182.200000	-28.126789
182.300000	-12.614613
182.400000	2.631960
182.500000	6.053990
182.600000	-0.412212
182.700000	-11.828263
182.800000	-23.669577
182.900000	-29.042641
183.000000	-27.191687
183.100000	-18.260340
183.200000	-8.548548
183.300000	-4.058358
183.400000	-5.027798
183.500000	-11.929303
183.600000	-24.398628
183.700000	-45.309555
183.800000	-67.478961
183.900000	-81.082633
184.000000	-86.206477
184.100000	-86.963340
184.200000	-82.293967
184.300000	-70.900095
184.400000	-54.944356
184.500000	-32.828567
184.600000	-11.263692
184.700000	2.625978
184.800000	8.770312
184.900000	9.777496
185.000000	5.144273
185.100000	-3.752485
185.200000	-14.343840
185.300000	-25.665330
185.400000	-37.062949
185.500000	-45.895361
185.600000	-51.590377
185.700000	-53.307123
185.800000	-50.668020
185.900000	-39.005474
186.000000	-4.608641
186.100000	15.654930
186.200000	22.453444
186.300000	25.209695
186.400000	25.246308
186.500000	21.547403
186.600000	14.023115
186.700000	4.731024
186.800000	-3.831262
186.900000	-7.490815
187.000000	-5.365347
187.100000	4.773182
187.200000	18.616914
187.300000	29.643443
187.400000	34.597131
187.500000	36.198137
187.600000	35.043556
187.700000	31.079016
187.800000	21.316752
187.900000	8.999298
188.000000	-2.939834
188.100000	-4.562515
188.200000	4.979312
188.300000	24.360329
188.400000	39.610089
188.500000	36.339396
188.600000	14.358932
188.700000	39.113736
188.800000	2.164942
188.900000	-31.109039
189.000000	-32.193957
189.100000	15.164861
189.200000	29.616126
189.300000	29.142646
189.400000	21.291455
189.500000	0.559690
189.600000	-40.693384
189.700000	-60.406113
189.800000	-67.476070
189.900000	-64.188469
190.000000	-36.856365
190.100000	1.862526
190.200000	17.636461
190.300000	19.771729
190.400000	16.480407
190.500000	8.765387
190.600000	-3.809149
190.700000	-19.536696
190.800000	-33.472899
190.900000	-40.521946
191.000000	-37.070112
191.100000	-18.760419
191.200000	6.669101
191.300000	18.420340
191.400000	22.519573
191.500000	19.052825
191.600000	-0.468855
191.700000	-38.522758
191.800000	-66.258337
191.900000	-74.229363
192.000000	-69.910464
192.100000	-40.607461
192.200000	-0.570398
192.300000	18.562260
192.400000	24.024595
192.500000	22.071616
192.600000	15.098022
192.700000	3.702357
192.800000	-9.851678
192.900000	-26.312647
193.000000	-39.792678
193.100000	-50.718590
193.200000	-58.774526
193.300000	-62.588827
193.400000	-62.540076
193.500000	-57.902590
193.600000	-49.377782
193.700000	-38.191390
193.800000	-24.598698
193.900000	-13.989312
194.000000	-6.452595
194.100000	-0.432542
194.200000	3.849581
194.300000	5.757765
194.400000	5.653663
194.500000	3.746252
194.600000	-0.552874
194.700000	-6.062103
194.800000	-12.487351
194.900000	-19.001711
195.000000	-26.946915
195.100000	-34.832171
195.200000	-42.578631
195.300000	-50.325091
195.400000	-58.071551
195.500000	-65.261970
195.600000	-71.216094
195.700000	-74.904728
195.800000	-75.068386
195.900000	-66.168341
196.000000	-46.204078
196.100000	-28.289378
196.200000	-21.378853
196.300000	-24.089677
196.400000	-31.026812
196.500000	-39.398115
196.600000	-49.218698
196.700000	-58.883415
196.800000	-68.463435
196.900000	-76.252271
197.000000	-83.112820
197.100000	-87.044352
197.200000	-84.268264
197.300000	-69.677521
197.400000	-45.481145
197.500000	-35.764599
197.600000	-38.026290
197.700000	-54.075516
197.800000	-72.577916
197.900000	-80.339094
198.000000	-80.185951
198.100000	-74.247065
198.200000	-65.261776
198.300000	-57.063405
198.400000	-50.046447
198.500000	-44.672433
198.600000	-40.880374
198.700000	-38.184375
198.800000	-36.255258
198.900000	-35.964077
199.000000	-35.886182
199.100000	-36.644472
199.200000	-39.354356
199.300000	-44.140751
199.400000	-53.917242
199.500000	-67.630783
199.600000	-76.930144
199.700000	-79.615262
199.800000	-70.081425
199.900000	-35.933350
200.000000	-33.173668
200.100000	-38.415495
200.200000	-48.460933
200.300000	-59.096915
200.400000	-63.668232
200.500000	-59.716494
200.600000	-41.025457
200.700000	-31.335024
200.800000	-28.328433
200.900000	-28.499465
201.000000	-30.650692
201.100000	-38.945775
201.200000	-50.458763
201.300000	-57.468298
201.400000	-55.882759
201.500000	-31.151878
201.600000	-23.849712
201.700000	-36.386408
201.800000	-65.417384
201.900000	-76.911506
202.000000	-71.142994
202.100000	-40.701166
202.200000	-28.030133
202.300000	-22.939980
202.400000	-18.643758
202.500000	-16.477983
202.600000	-15.322713
202.700000	-14.837501
202.800000	-14.791954
202.900000	-14.680823
203.000000	-15.264283
203.100000	-16.023700
203.200000	-17.069751
203.300000	-18.859970
203.400000	-21.207533
203.500000	-23.730486
203.600000	-26.290494
203.700000	-29.096653
203.800000	-32.336413
203.900000	-35.576174
204.000000	-38.957217
204.100000	-43.136994
204.200000	-47.316772
204.300000	-51.438360
204.400000	-55.546439
204.500000	-59.559439
204.600000	-63.537913
204.700000	-67.189658
204.800000	-70.506917
204.900000	-72.925640
205.000000	-74.383735
