0 -4611.00 -4916.00 -4412.00
1 -4543.20 -4817.20 -4394.20
2 -4396.80 -4720.00 -4227.80
3 -4339.20 -4664.50 -4166.20
4 -4392.00 -4648.50 -4192.50
5 -4418.00 -4568.50 -4205.00
6 -4336.50 -4439.80 -4188.20
7 -4252.20 -4391.00 -4147.00
8 -4216.50 -4361.20 -4094.70
9 -4156.80 -4262.80 -4047.20
10 -4160.80 -4303.20 -3951.80
11 -4286.20 -4560.50 -3829.50
12 -4385.50 -4733.50 -3810.80
13 -4363.20 -4686.80 -3815.00
14 -4306.20 -4610.00 -3793.20
15 -4265.50 -4577.80 -3764.20
16 -4228.00 -4508.50 -3767.50
17 -4217.80 -4450.50 -3760.50
18 -4236.20 -4485.20 -3708.50
19 -4266.80 -4570.20 -3727.20
20 -4301.00 -4602.20 -3786.80
21 -4306.80 -4559.20 -3798.80
22 -4278.20 -4504.20 -3812.50
23 -4284.00 -4477.50 -3912.80
24 -4309.00 -4451.00 -4020.00
25 -4317.20 -4418.50 -4093.00
26 -4358.20 -4447.00 -4161.80
27 -4371.20 -4470.20 -4153.20
28 -4340.80 -4476.00 -4044.50
29 -4401.00 -4558.20 -4087.00
30 -4494.50 -4619.00 -4282.50
31 -4482.20 -4569.80 -4321.00
32 -4417.50 -4481.50 -4277.00
33 -4353.80 -4444.80 -4230.50
34 -4241.00 -4386.50 -4138.80
35 -4116.50 -4334.80 -4018.00
36 -4051.80 -4403.00 -3894.80
37 -3980.80 -4473.50 -3762.00
38 -3962.50 -4423.20 -3758.70
39 -3908.00 -4237.00 -3763.70
40 -3782.80 -4072.00 -3637.50
41 -3852.20 -4081.80 -3714.00
42 -3891.00 -4108.50 -3778.80
43 -3810.50 -4066.50 -3702.00
44 -3762.00 -4107.80 -3617.00
45 -3651.80 -4182.00 -3431.20
46 -3563.80 -4249.20 -3280.20
47 -3535.00 -4372.80 -3190.50
48 -3475.50 -4417.00 -3090.80
49 -3389.20 -4296.20 -3021.00
50 -3342.20 -4224.50 -2987.00
51 -3333.00 -4348.50 -2927.80
52 -3298.00 -4532.00 -2809.00
53 -3351.16 -4045.64 -3029.17
54 -3404.31 -3559.29 -3249.34
55 -3485.55 -3640.52 -3330.57
56 -3575.30 -3730.27 -3420.32
57 -3456.38 -3611.36 -3301.41
58 -3421.05 -3576.02 -3266.07
59 -3492.68 -3647.65 -3337.70
60 -3468.52 -3623.50 -3313.55
61 -3374.01 -3528.99 -3219.04
62 -3247.77 -3402.75 -3092.80
63 -3118.18 -3273.15 -2963.20
64 -3107.24 -3262.22 -2952.27
65 -3106.02 -3260.99 -2951.04
66 -3050.18 -3205.15 -2895.20
67 -2937.41 -3092.38 -2782.43
68 -2922.79 -3077.77 -2767.82
69 -2884.59 -3039.57 -2729.61
70 -2837.28 -2992.25 -2682.30
71 -2801.70 -2956.68 -2646.73
72 -2785.41 -2940.39 -2630.44
73 -2784.46 -2939.44 -2629.49
74 -2782.91 -2937.89 -2627.94
75 -2755.99 -2910.96 -2601.01
76 -2742.44 -2897.41 -2587.46
77 -2736.69 -2891.66 -2581.71
78 -2752.70 -2907.68 -2597.73
79 -2787.12 -2942.09 -2632.14
80 -2796.56 -2951.53 -2641.58
81 -2807.42 -2962.40 -2652.45
82 -2817.95 -2972.92 -2662.97
83 -2838.79 -2993.77 -2683.82
84 -2861.99 -3016.96 -2707.01
85 -2885.91 -3040.89 -2730.94
86 -2888.78 -3043.75 -2733.80
87 -2877.26 -3032.24 -2722.28
88 -2848.30 -3003.28 -2693.32
89 -2769.24 -2924.21 -2614.26
90 -2705.82 -2860.79 -2550.84
91 -2604.27 -2759.24 -2449.30
92 -2575.62 -2730.60 -2420.65
93 -2584.96 -2739.93 -2429.98
94 -2654.03 -2809.00 -2499.05
95 -2737.33 -2892.31 -2582.36
96 -2752.15 -2907.12 -2597.17
97 -2729.09 -2884.07 -2574.12
98 -2717.83 -2872.81 -2562.86
99 -2722.90 -2877.87 -2567.92
100 -2749.28 -2904.25 -2594.30
101 -2943.14 -3098.11 -2788.16
102 -3056.77 -3211.74 -2901.79
103 -3139.70 -3294.68 -2984.73
104 -3208.38 -3363.35 -3053.40
105 -3315.11 -3470.09 -3160.14
106 -3362.68 -3517.66 -3207.71
107 -3417.30 -3572.27 -3262.32
108 -3432.36 -3587.34 -3277.39
109 -3448.55 -3603.52 -3293.57
110 -3469.26 -3624.23 -3314.28
111 -3482.35 -3637.33 -3327.38
112 -3494.85 -3649.83 -3339.88
113 -3502.65 -3657.62 -3347.68
114 -3500.80 -3655.77 -3345.82
115 -3481.08 -3636.05 -3326.10
116 -3456.54 -3611.51 -3301.56
117 -3410.94 -3565.92 -3255.97
118 -3352.07 -3507.05 -3197.09
119 -3300.48 -3455.46 -3145.51
120 -3281.54 -3436.51 -3126.56
121 -3261.63 -3416.60 -3106.65
122 -3324.74 -3479.71 -3169.76
123 -3505.33 -3660.30 -3350.35
124 -3226.27 -3381.25 -3071.30
125 -3087.32 -3242.30 -2932.35
126 -3055.07 -3210.05 -2900.10
127 -3049.76 -3204.73 -2894.78
128 -3154.23 -3309.21 -2999.26
129 -3305.55 -3460.52 -3150.57
130 -3342.12 -3497.09 -3187.14
131 -3367.91 -3522.88 -3212.93
132 -3436.87 -3591.84 -3281.89
133 -3466.75 -3621.73 -3311.78
134 -3547.49 -3702.46 -3392.51
135 -3565.64 -3720.61 -3410.66
136 -3548.82 -3703.80 -3393.85
137 -3523.81 -3678.78 -3368.83
138 -3478.50 -3633.48 -3323.53
139 -3327.26 -3482.24 -3172.29
140 -3268.16 -3423.13 -3113.18
141 -3276.14 -3431.11 -3121.16
142 -3253.87 -3408.85 -3098.90
143 -3248.83 -3403.81 -3093.86
144 -3209.23 -3364.20 -3054.25
145 -3123.86 -3278.83 -2968.88
146 -2996.64 -3151.62 -2841.67
147 -2918.48 -3073.46 -2763.51
148 -2844.87 -2999.84 -2689.89
149 -2750.05 -2905.02 -2595.07
150 -2707.34 -2862.31 -2552.36
151 -2796.98 -2951.96 -2642.01
152 -2774.42 -2929.39 -2619.44
153 -2749.56 -2904.54 -2594.59
154 -2786.36 -2941.34 -2631.38
155 -2895.12 -3050.10 -2740.15
156 -2985.78 -3140.76 -2830.81
157 -3075.39 -3230.36 -2920.41
158 -3138.90 -3293.87 -2983.92
159 -3190.11 -3345.09 -3035.14
160 -3210.35 -3365.32 -3055.37
161 -3196.74 -3351.72 -3041.77
162 -3169.02 -3323.99 -3014.04
163 -3138.65 -3293.62 -2983.67
164 -3096.98 -3251.96 -2942.01
165 -3049.41 -3204.39 -2894.44
166 -3043.87 -3198.85 -2888.90
167 -3148.12 -3303.10 -2993.14
168 -3216.91 -3371.89 -3061.94
169 -3249.55 -3404.52 -3094.57
170 -3105.62 -3260.60 -2950.64
