# Age_Ma	Long-term SL
0.0 57.38730853231346
0.1823926529637419 58.68296451073093
0.3817627010399889 59.98316494009941
0.5810907974039878 61.28821403943221
0.7803739527296898 62.59844279270283
0.9796089296137183 63.91421077589621
1.178792224704665 65.2359081418881
1.37792004936442 66.56395777411672
1.57698830875475 67.89881762092318
1.775992579233318 69.24098322345481
1.974928083935097 70.59099045108269
2.173789666403692 71.94941845943686
2.372572176690653 73.31684634285466
2.571277470381745 74.69306727582443
2.769913531821928 76.07718673687259
2.968488376253575 77.468307058356
3.167009862197673 78.86554849550703
3.365485711572461 80.26804697418902
3.56392352946213 81.67495187879285
3.762330823586765 83.08542387457692
3.96071502352271 84.4986327588922
4.159083499722939 85.91375533578503
4.357443582386139 87.32997330853141
4.555802580222888 88.7464711847324
4.754167799166382 90.16243418856175
4.952546561076488 91.57704617487252
5.150946222484322 92.98948753978402
5.349374193425717 94.39893312241975
5.547837956411627 95.80455009241359
5.746344561611664 97.20554893141434
5.944896689256652 98.60158241844692
6.143494850879918 99.99252240680198
6.342139637455247 101.3782317958348
6.540831738321558 102.7585624498561
6.739571942637213 104.1333548856055
6.938361141044865 105.5024379357874
7.137200327550531 106.8656283879609
7.336090601620569 108.2227305980114
7.535033170501308 109.5735360773997
7.734029351765969 110.9178230533116
7.933080576094312 112.2553560007818
8.132188390291049 113.5858851458033
8.331354460549022 114.909145938379
8.530580575964478 116.2248584943936
8.729868652311609 117.5327270051475
8.929220736084176 118.8324391132769
9.128639008812883 120.1236652537755
9.328125817398217 121.4060552792471
9.527686844956747 122.6789074090684
9.727334315145043 123.9408300442747
9.927081709274745 125.1902885035879
10.12694314348101 126.4256689199774
10.3269334584036 127.645267987642
10.52706831346993 128.8472821408004
10.72736428638106 130.029796095514
10.92783897843052 131.1907706817519
11.12851112632669 132.328029888411
11.32940072122858 133.4392470389676
11.53052810018173 134.5219474207693
11.73189832870025 135.573765194812
11.93350416777182 136.5924094386865
12.13533906309669 137.5754448933194
12.33739750076009 138.5202745627312
12.53967498218782 139.4241279183466
12.74216800371337 140.2840483151167
12.94487404066439 141.0968795622866
13.14779153589498 141.8592515878218
13.35091989271356 142.5675651313682
13.55425947217245 143.21797539623
13.75781159470773 143.8063745861173
13.96157854613693 144.3283732473201
14.16555896562525 144.7806945430002
14.36973202845016 145.1659965066829
14.57407215594955 145.4883541999643
14.77855454374696 145.7515509465502
14.98315504695361 145.9590958130139
15.18785006823751 146.1142398760621
15.39261644843199 146.2199912938095
15.59743135917424 146.2791292509328
15.80227219707862 146.2942168423679
16.00711647895204 146.2676129552447
16.21194173756689 146.2014832041759
16.41672541750793 146.097809970569
16.62144533409881 145.9584333953762
16.82609326104785 145.7858313532106
17.03067563664837 145.5831677168826
17.23519929004718 145.3534980528693
17.43967075987212 145.0997443195379
17.64409632658095 144.8247093230721
17.84848204353295 144.5310905839315
18.05283376693686 144.2214936824025
18.25715718482371 143.8984451493043
18.46145784518734 143.5644049656066
18.66574118343237 143.2217787328054
18.87001254926491 142.8729295742514
19.07427718578268 142.5201698109413
19.27853838379033 142.16498208335
19.48279688402246 141.8077692114557
19.6870532489335 141.4488574428342
19.89130803803562 141.0885706840945
20.09556180866935 140.727230947195
20.29981511677221 140.365158793159
20.50406851764404 140.0026737737881
20.70832256671272 139.6400948719793
20.91257782029919 139.2777409412674
21.11683483638433 138.9159311451822
21.32109417537731 138.554985397036
21.52535640088843 138.1952248007437
21.72962208050518 137.8369720932824
21.9338917865748 137.4805520894033
22.13816609699254 137.1262921292055
22.34244559599827 136.7745225291874
22.54673087498134 136.4255770374057
22.75102253329555 136.0797932933529
22.95532117908502 135.7375132932102
23.15962743012216 135.3990838610871
23.36394191465888 135.0648571269312
23.56826527229234 134.7351910117359
23.77259847962236 134.4106767805342
23.97695025577528 134.0973140350361
24.18133733820014 133.8066933049968
24.38577718385491 133.5508879794943
24.59028780017712 133.342334677106
24.79488793295528 133.1939629972812
24.999597261904 133.1193304149947
25.20443660598298 133.1327637260338
25.40942796580006 133.2494966238473
25.61453684803064 133.4818698269787
25.81958807077947 133.8336040916738
26.02438478204539 134.3079227987855
26.228728125468 134.9090147206807
26.43241567427094 135.6420670091684
26.63523983708643 136.5133060459648
26.83698622310692 137.5300464774355
27.03743195368958 138.7007488197628
27.23634390711555 140.0350860882054
27.43349438629653 141.5427479919304
27.62891853295446 143.2146740893559
27.82285956041255 145.0269600131505
28.01555660227135 146.9562219759227
28.20724024040851 148.9798803367858
28.3981340901035 151.0760043786277
28.58845633727091 153.2231615463925
28.77842123836933 155.4002701099444
28.96824059329816 157.5864542386671
29.15812520140611 159.7609004915057
29.34828460048334 161.9029100052985
29.53882693694621 164.0033561309947
29.72970432322637 166.0709664022606
29.92086079022985 168.1154867824462
30.11224529903626 170.1462553343899
30.30381083925732 172.1723671844193
30.4955135985625 174.2028351946719
30.68732782564081 176.2439404000006
30.87930596376199 178.2883235042636
31.07152465879335 180.3244354144226
31.26406139654344 182.3406972809953
31.45699476528625 184.3254614461703
31.65040472818032 186.2669710682885
31.84437290045321 188.1533193678424
32.03898283231357 189.9724083537381
32.23432029856971 191.7119068867296
32.43047359596034 193.3592079346772
32.62753384922672 194.9013848714453
32.82559532698829 196.3251466679508
33.02475576851597 197.6167918200517
33.22511672253634 198.7621608535624
33.42677163664317 199.7463954008754
33.62955064641034 200.5458347135009
33.83310295255504 201.1110050441848
34.03719672586405 201.4081138397587
34.24167557547096 201.4669888122899
34.44639235545284 201.3216543032841
34.65120274634501 201.003708778303
34.85596354071956 200.5427001962034
35.06053094197424 199.9664770196923
35.26475885612214 199.3015190369588
35.4685033083795 198.573077526793
35.67175478236743 197.8016782310428
35.87463740603417 197.0033959342172
36.07727705009867 196.1938258045257
36.2797967865265 195.3884329916073
36.48231830613079 194.6027307614022
36.68496332026393 193.8524591852447
36.88785496274664 193.1537664414072
37.0911130481243 192.5227677670891
37.2947607232465 191.966064263207
37.49874240622742 191.4825226157855
37.70300253623751 191.0712933669156
37.90748755235242 190.7320464319528
38.11214550885944 190.4649687287301
38.31692570216509 190.2707655200684
38.52177830662382 190.1506654792265
38.72665401667257 190.1064295146634
38.93150369270097 190.1403634175085
39.13627904489093 190.2551246952107
39.34095072994347 190.4499724700927
39.54550622316742 190.7210067296355
39.74993324350231 191.0644388490955
39.9542191205401 191.4766996113649
40.15835075612631 191.9544283901651
40.36231458466526 192.494462965396
40.56609653200829 193.0938299397658
40.76968197280087 193.7497357276725
40.97305568615926 194.4595580890114
41.17620180954245 195.2208381822602
41.37910379067947 196.0312731127624
41.58174433740624 196.8887089536147
41.7841053652603 197.7911342180173
41.98616794267443 198.7366737632929
42.18791225378789 199.7235815472332
42.38934167926266 200.7483763228765
42.59052854467245 201.8023579687128
42.79155506700829 202.8761993925682
42.99250127242891 203.9608448544236
43.19344608969075 205.047386234186
43.39446842858334 206.1269413164559
43.5956482581054 207.1905324292302
43.79705995558581 208.2289971550072
43.99872870335557 209.2330448659486
44.20066176581176 210.1929660818441
44.40287031009319 211.0983884042835
44.60536964386978 211.9381203087492
44.8081794454188 212.6999829344145
45.01132405939217 213.3706270341331
45.21482240461813 213.9391117365435
45.41863945454975 214.4143152439369
45.62272213277009 214.8117869428247
45.82701880882775 215.1466544351838
46.03147903289539 215.4336999362081
46.23605325743827 215.6874418276352
46.44069256386121 215.9222147555242
46.64534839262512 216.1522487143443
46.8499722753445 216.3917475537241
47.05451556738782 216.6549673409422
47.25892917950563 216.9562950115119
47.46316461812077 217.3099789198373
47.66721231141355 217.7199406361756
47.87110774617824 218.1781550339024
48.07488795740792 218.6762378180415
48.27858919477501 219.2060764216935
48.48224716969537 219.7597747137957
48.68589729872431 220.3295991820364
48.88957494494238 220.9079262241125
49.09331565897705 221.4871901880993
49.29715542130251 222.0598318077832
49.5011308558484 222.6182474311768
49.70526399359875 223.1551069729499
49.90953730297329 223.6639235699117
50.11392739014522 224.1382360658477
50.31841139197232 224.571426504182
50.52296687209804 224.9566900533632
50.72757171899153 225.2870040829916
50.93220404546423 225.555096250207
51.13684208920569 225.7534114512578
51.34146411388701 225.8740774881139
51.54604831038236 225.90886929407
51.75057269765949 225.8491715557616
51.95501502288937 225.6859395617671
52.1593498300216 225.409610953076
52.36349370628693 225.0080738889087
52.56730107188088 224.4619768593079
52.77060246483816 223.7426707573873
52.97311930360146 222.8225305150222
53.17435728841522 221.6930318108539
53.37375883128397 220.3435354518028
53.57071441173818 218.7571809631768
53.76454592550243 216.9104470080215
53.95496834868058 214.8030879404555
54.14296490475169 212.5144750668101
54.32970768579907 210.1354846400873
54.51634594442206 207.7553465440187
54.70402702917966 205.4632697557372
54.89391728534929 203.3500674275892
55.08705283049355 201.497450737797
55.28333088280445 199.9049825814427
55.48218521842131 198.5390968783086
55.68308439723251 197.3693162962018
55.88552610456216 196.3679566985275
56.08902999652111 195.5097328291904
56.29313085829716 194.7713981656234
56.49739718715324 194.132389276615
56.70166910064722 193.5839826398633
56.90594968227157 193.1250725679147
57.11024440827023 192.7559455502787
57.31455896105803 192.4781967688159
57.51889931204829 192.2947533493698
57.72327180869294 192.2099170280217
57.92768198396115 192.2285458646447
58.13211977364787 192.3458367536769
58.3365644257772 192.5504493167641
58.54099503899798 192.8316817450213
58.7453905861461 193.1795188760839
58.94972972580493 193.5845424409245
59.15399061104907 194.0378466598777
59.35815069365825 194.5309584314473
59.56218652204615 195.0557613986621
59.76607675460141 195.6044480808459
59.96983651738458 196.1697348740263
60.17350391288494 196.744739302455
60.3771161698327 197.3227181415641
60.58070974425388 197.8969698497749
60.78432083036017 198.4607406539999
60.9879858677696 199.0071299031661
61.19174109871779 199.5291828626723
61.39559969152055 200.024446109438
61.59955020837597 200.4952970138947
61.80358071633455 200.9441627306924
62.00767991275478 201.3732971771788
62.21183703624149 201.7847987936493
62.41604178184915 202.1806270784909
62.62028421988168 202.5626180284953
62.82455471764885 202.9324986060155
63.02884386356379 203.2919003469606
63.23314367119295 203.6421786340588
63.43745313004828 203.9835838718645
63.64177358134126 204.315984958891
63.84610639942636 204.639224794118
64.05045299400689 204.9531200903675
64.25481481416418 205.2574608504046
64.4591933524998 205.5520097666886
64.66359014940198 205.8365015430645
64.86800679744837 206.1106421364457
65.07244494595841 206.3741079163419
65.58005152699548 207.5361570365876
65.72789553698759 207.6760155595148
65.87570443787878 207.8304976254021
66.0234796305371 207.9994723678346
66.17122239543936 208.1828606819663
66.31893389724456 208.3806349419929
66.46661518895337 208.5928189024844
66.61426721566896 208.8194877832211
66.7618908179728 209.06076853786
66.90948673492662 209.3168403073396
67.05705560671193 209.5879350597079
67.20459773729051 209.8742959947103
67.35211141651907 210.1758792600422
67.49959391922492 210.4925266792961
67.64704241564003 210.8241267407502
67.79445396831515 211.1706152804327
67.94182552281801 211.5319752789364
68.08915389806171 211.908236807526
68.23643577623157 212.2994771233671
68.38366769227935 212.7058209141551
68.53084602295104 213.1274406929433
68.67796697531385 213.5645573444081
68.82502657474572 214.017440824281
68.9720206523498 214.4864110141689
69.11894483175345 214.9718387344647
69.26579451525041 215.4741469185519
69.41256548349938 215.993704016023
69.55926040033933 216.5296791366091
69.70588633337682 217.0804745917467
69.85245028302893 217.644510090403
69.99895912141938 218.2202327458435
70.14541960660228 218.8061138614594
70.29183839655013 219.4006457666665
70.43822206293442 220.0023386963239
70.58457710472771 220.6097177072061
70.73090996165533 221.221319625166
70.87722702752421 221.8356900166446
71.02353466345693 222.4513801782859
71.16983921105791 223.0669441383952
71.31614700553934 223.6809356640679
71.46246438883387 224.2919052677644
71.60879772272102 224.8983972071637
71.75515340199496 225.4989464720511
71.90153786770048 226.0920757520444
72.04795762046459 226.6762923788356
72.19441763264715 227.2505013059908
72.3409162096419 227.8153406550537
72.48744994996056 228.3718932083357
72.63401551407344 228.9212271468614
72.78060961853274 229.4643979305292
72.92722903018648 230.0024501581147
73.07387056048057 230.5364194081394
73.22053105984 231.0673340638259
73.36720741211818 231.5962171253887
73.51389652910567 232.1240880128316
73.66059534508776 232.6519643624406
73.80730081144213 233.1808638201219
73.95400989126597 233.7118058347769
74.10071955402455 234.2458134548306
74.24742677021024 234.7839151311282
74.39412850600411 235.3271465293292
74.54082171792916 235.8765523550292
74.68750334748714 236.4331881948147
74.83417031576849 236.9981223764753
74.98081951802669 237.5724378517025
75.12744847620235 238.1569711167003
75.27406073709832 238.7501543558528
75.42066308630893 239.3491286010549
75.56726232459951 239.9510318709117
75.713865247549 240.5530070672612
75.86047865687922 241.1521972118508
76.00710937179485 241.7457406832336
76.15376424035219 242.3307664459053
76.30045015087609 242.9043892637565
76.44717404344414 243.4637048898458
76.59394292145711 244.0057852244863
76.7407638633149 244.5276734335484
76.88764403421749 245.0263790188737
77.03459069811063 245.4988728325598
77.18161122979635 245.9420820267997
77.32871312722799 246.3528849308786
77.47590402401076 246.7281058467688
77.62319170212834 247.0645097546467
77.77058410491682 247.358796919515
77.91808935030792 247.6075973899297
78.06571574436293 247.8074653796639
78.21346597941684 247.9562484734706
78.36131430378893 248.0581776636082
78.50922926071428 248.1178170429685
78.65718254822676 248.137726505599
78.80514781619519 248.1183312920111
78.953099851291 248.0576575046989
79.10101342905153 247.952827471493
79.24886281366571 247.8003763961815
79.39662141577742 247.596206288802
79.54426143894011 247.3355314766704
79.69175351002068 247.0128149716238
79.83906588157436 246.6220684272103
79.98615902798912 246.1614486874241
80.13298699325515 245.6318968199748
80.27950079308124 245.0336664574197
80.42564795703231 244.3662491398327
80.57137194629004 243.6283686726738
80.71661152626837 242.8179669654592
80.86130008712283 241.9321811941218
81.00537214868865 240.9681023954872
81.14888595900015 239.9361998898694
81.29200704394597 238.8585760998258
81.43490076287665 237.7572867225208
81.57773021851065 236.6541525716129
81.72065787574627 235.5709761511871
81.86384717414325 234.5297580479501
82.00746415007802 233.5529152894278
82.15167908433844 232.6635037914284
82.29661997278004 231.8791071459054
82.44223902531169 231.1942774869103
82.58844986265282 230.5985586072557
82.73516966554089 230.0820303662185
82.88231867651319 229.6352490126465
83.02981972010738 229.2491903738919
83.17759773859444 228.9151955688176
83.32557934045201 228.6249189183009
83.47369235886035 228.3702777398657
83.62186541756634 228.1434037244517
83.77002750407314 227.9365958744284
83.91812343900924 227.743951815326
84.06615125901658 227.5652929551925
84.21412000516298 227.4016792001266
84.36203851375663 227.2542226050036
84.50991544697425 227.1240912280409
84.65775932288545 227.0125131794757
84.80557854497798 226.920780878404
84.95338143128541 226.8502555324994
85.10117624321865 226.8023718561908
85.24897121420182 226.7786430436163
85.39677457821003 226.7806660135957
85.54459459831023 226.8101269448098
85.69243959530189 226.8688071203742
85.8403179765586 226.9585891020552
85.9882366768536 227.081434680943
86.13618061079245 227.2390222628028
86.28411851180351 227.4328610993598
86.43201871637783 227.6645834439423
86.57984942607052 227.9359571555251
86.72757859367667 228.2488920268615
86.87517380851719 228.6054466206606
87.02260218042321 229.0078356383101
87.16983022200444 229.4584378474874
87.31682372877958 229.9598045970661
87.46354765673991 230.5146689497778
87.60996599690762 231.1259554653234
87.75604164644051 231.7967906689701
87.90173627582021 232.5305142430743
88.04701050539836 233.3306136591227
88.19183499025047 234.1979649596888
88.33619317017454 235.1301051241353
88.48006729525491 236.1246342737177
88.62343739071511 237.1794392880984
88.76628116510801 238.2926840928221
88.9085739078578 239.4628012201656
89.05028837568241 240.6884846045878
89.19139466737553 241.9686835796601
89.3318600863719 243.3025980488974
89.47164899046368 244.6896748082654
89.61072262797862 246.129605003498
89.7490389596654 247.6223227105056
89.8866037038508 249.1647987698634
90.02372317735416 250.7352106069993
90.16081170749996 252.3049764661419
90.29828344222423 253.8454960561885
90.43655694590328 255.3278320222053
90.57606002331653 256.7223764418395
90.71723465010507 257.9985095934308
90.86054206654947 259.1242470631132
91.00626521538288 260.0672139620929
91.153770573082 260.798542250981
91.30218366375541 261.2866200741455
91.45065050290012 261.4943351953534
91.59831832142783 261.3782355337598
91.74432357188985 260.8883704631553
91.88837686305232 260.0351559479032
92.03119123301681 258.936964753053
92.17352897860545 257.712751903925
92.31612047797233 256.4743003160975
92.45936291573483 255.290089750567
92.60322682136317 254.1751170509697
92.74765920929102 253.1413953225083
92.89261165032781 252.2015888955039
93.03803988349958 251.3691148297758
93.18390346129795 250.6582504521448
93.33016542549419 250.0842477889637
93.47679201091964 249.6634558108317
93.62375237483832 249.4134514693196
93.7710138880224 249.3454410263175
93.9185235494264 249.4316223273727
94.06622491534267 249.633376838302
94.21406517702309 249.9142719906495
94.361994162922 250.239377852884
94.50996338609323 250.574603918637
94.65792746049064 250.8877377076133
94.80586244609509 251.1616974522303
94.95375550155919 251.387094576211
95.10159318967885 251.553801400416
95.2493611384111 251.6506993010553
95.39704379821222 251.6654909795152
95.54462418130962 251.5845189636675
95.69208412396151 251.3991474022178
95.83940533094972 251.1148317565385
95.98656884317185 250.7385757838656
96.13355481122426 250.2768641716712
96.2803423833378 249.735699148423
96.42690958765459 249.1206343705189
96.57323320818074 248.4368062766907
96.71928865371547 247.6889630869364
96.86504981901581 246.881491609649
97.0104889374137 246.018442008336
97.15557642405292 245.1035506677254
97.30027700674336 244.1397077192287
97.44453153168573 243.1262785353529
97.58827077757701 242.0612033337611
97.73142313096358 240.9421819934341
97.87391426709448 239.7666651756199
98.01566680655989 238.5318425465339
98.15659995781692 237.2346297943032
98.29662914395345 235.8716543802193
98.43566561196337 234.4392399584494
98.57361602273016 232.9333893922358
98.71038201982319 231.3497662881109
98.84585977511532 229.683674962851
98.97994299867884 227.9302378277025
99.11268792934774 226.093809926072
99.2443827314755 224.1919252451789
99.37532409880032 222.2425510659286
99.50580143348662 220.2631950764762
99.63609964689454 218.2710748077134
99.76650191688873 216.2832842606849
99.89729242837007 214.3169593385228
100.0287591235538 212.3894436838746
100.1611724902493 210.517078745248
100.2945800207739 208.7034098424456
100.4289060225539 206.9449191022432
100.5640781120843 205.2382911900004
100.7000282464673 203.5804768382195
100.8366923743372 201.9686772031619
100.9740101072642 200.4003295061993
101.111924409949 198.8730938862154
101.2503813076197 197.3848413956421
101.3893296091302 195.9336430785006
101.5287206443383 194.5177600744664
101.6685080144187 193.1356346981447
101.8086493683827 191.7857973155951
101.949116677839 190.4663890166303
102.0898878953365 189.1754400046093
102.2309418696057 187.9110629137458
102.3722582728775 186.6714477662636
102.5138175416802 185.4548567010133
102.6556008198635 184.2596189121332
102.7975899036813 183.0841257829998
102.9397671887754 181.9268262012911
103.0821156189045 180.7862220415373
103.2246186362701 179.6608638019761
103.3672601332927 178.5493463830298
103.5100244057012 177.4503049951009
103.6528961067948 176.3624111837526
103.7958602027481 175.2843689607289
103.9389019333637 174.2149114952372
104.0820131359449 173.1534509207013
104.2252049197491 172.1013802912275
104.3684922346747 171.060491008654
104.5118903880062 170.0326163047048
104.655415101679 169.0196380991856
104.7990825710961 168.0234940403225
104.9429095257156 167.0461847535844
105.0869132916365 166.089781326109
105.2311118564163 165.1564330547235
105.3755239363629 164.2483754865561
105.5201690465536 163.3679387823077
105.6650675738414 162.5175564334822
105.8102408531232 161.6997743661796
105.955711179991 160.9172594943839
106.1014875319761 160.1726063434098
106.2475479552466 159.4681240729506
106.3938676541343 158.8062788548468
106.540423266191 158.1897725494318
106.6871927330461 157.6215576408413
106.8341551784724 157.1048535577083
106.9812907929869 156.6431644694858
107.1285807243484 156.2402986567367
107.276006973346 155.900389562491
107.4235522943035 155.6279186410429
107.5712000997494 155.4277401304662
107.7189341049003 155.3040946687379
107.8667363413885 155.2532491628881
108.0145882473459 155.2678204015501
108.162471634217 155.3408971169829
108.3103685550788 155.4660171007336
108.4582611668884 155.6371176029061
108.6061315935286 155.848488797471
108.7539617885998 156.0947299564432
108.901733396905 156.3707079965516
109.0494276144223 156.6715181943582
109.19703018369 156.9931208111575
109.3445436001881 157.3338631466222
109.4919737463619 157.6926180869596
109.6393263188412 158.0682987130413
109.7866068411519 158.4598558749758
109.9338206760418 158.8662758509599
110.0809730374474 159.2865780851726
110.2280690021288 159.7198129997059
110.3751135209983 160.1650598755959
110.522111430168 160.6214247982607
110.6690674617416 161.0880386627614
110.8159862543744 161.564055234403
110.9628723636235 162.0486492604032
111.1097302721141 162.5410146283393
111.256564399542 163.0403625673471
111.4033791125365 163.5459198879871
111.5501787344035 164.056927256901
111.6969675537568 164.5726376709536
111.8437449317859 165.093127352131
111.9904939456049 165.6211787309439
112.1371942284169 166.1601531596925
112.2838252734397 166.7134433683868
112.4303663749973 167.2844832107512
112.5767965690414 167.8767575283609
112.7230945729284 168.4938121612468
112.869238724284 169.1392641337307
113.0152069187747 169.8168120447372
113.1609765466108 170.5302466924422
113.3065244275971 171.2834619637761
113.4518267445455 172.0804660200538
113.5968589748566 172.9253928108865
113.7415958200769 173.8225139494116
113.8860111332251 174.7762509830018
114.0300780486924 175.791148109086
114.1738110743523 176.8636584310407
114.3173173522419 177.9721286670692
114.4607152411031 179.0926640709213
114.6041223875192 180.2014491692253
114.7476564988997 181.2745912844994
114.8914361168632 182.2879635509225
115.0355813961029 183.2170463913753
115.1802148938494 184.0367664142341
115.3254623751203 184.7213316713705
115.4714536390446 185.2440621949663
115.6182981578786 185.5802085397572
115.7658652573289 185.7325573273465
115.9138987591236 185.7164036903241
116.0621537283255 185.542577290913
116.2103913623496 185.2175418900006
116.3583706515104 184.7437320856416
116.5058188667494 184.1222896995378
116.6524367571995 183.3541596190344
116.7979163666866 182.4388842092394
116.9419385422081 181.3745584237549
117.0841697945492 180.1578110654828
117.224259017879 178.783771625458
117.3618340360582 177.2460223735488
117.4964979442271 175.5365353330453
117.628003730958 173.6528580137065
117.7567382453609 171.6179064677699
117.8832191647016 169.459601393165
118.0079458427998 167.2048605295495
118.1314033701553 164.8798175200582
118.2540665181048 162.510034397762
118.3764035990742 160.1207094244865
118.4988802743164 157.7368819719068
118.6219633400918 155.3836361107296
118.7461031423943 153.085155548416
118.8714314530098 150.848488380987
118.9978318303652 148.6673327384533
119.1251858707247 146.5352719498342
119.2533794038434 144.4461072855202
119.3823019861438 142.3938304399226
119.5118464104359 140.372596859479
119.6419082300041 138.3766997975581
119.7723852949488 136.4005449811457
119.9031772987231 134.4386257767919
120.0341853328532 132.4854987456311
120.1653114478654 130.5357594789193
120.296458218469 128.5840186068426
120.4275562913787 126.6267085320405
120.5587210979162 124.6723371545086
120.6901441040014 122.7343710962286
120.8220203410891 120.8265039335111
120.9545507218828 118.9628198141227
121.0879446474322 117.1579762170004
121.2224227243787 115.4273941516985
121.3582159225978 113.7872031453917
121.4953976634026 112.2426820488909
121.633811215172 110.783262280479
121.7732936034947 109.3979481633187
121.9136924001027 108.0764752163941
122.0548642188713 106.809208875522
122.1966733010368 105.5870494297096
122.3389901756739 104.4013422348726
122.4816903822136 103.2437923190009
122.6246648500029 102.1076728802191
122.7678904199343 100.9957238189872
122.9113819309655 99.91488364914585
123.0551558027544 98.87227488543795
123.1992299698907 97.875225163084
123.3436239781191 96.93130655226196
123.488359089207 96.04837618403963
123.6334583950186 95.23461840573646
123.7789469414084 94.49858869185846
123.9248518625982 93.8492595462385
124.0712025267581 93.29606864162088
124.2180305022294 92.84894617608052
124.3653302789677 92.51357907787315
124.5130113262603 92.28568958308506
124.660974236399 92.16040128264967
124.8091218354453 92.1336508844297
124.9573584131247 92.20215601152449
125.1055889643206 92.36338918935462
125.2537184361561 92.61555781536799
125.4016509746984 92.95758995261667
125.5492891653133 93.38912583463707
125.6965353199942 93.91033721906797
125.8433139580463 94.5199331175304
125.9895625200964 95.21593632276199
126.1352138736951 95.99713955908146
126.2801953726776 96.86312215840826
126.4244281864601 97.81424617646553
126.5678265722369 98.85165973544645
126.7102970833623 99.97730762403171
126.8517377066063 101.193949252609
126.9920572872981 102.5039558232311
127.1313048858741 103.9014737032421
127.2695878739696 105.3773220997591
127.4070061110695 106.9229367969483
127.5436524412184 108.5303195700517
127.6796134462332 110.1919732984188
127.8149701481132 111.9008411438263
127.9497986663449 113.6502493006683
128.0841708354344 115.43385285357
128.2181552908314 117.245549518505
128.3518426641068 119.0777268185257
128.4853578052913 120.920407084046
128.618827456057 122.7634744881525
128.7523781183874 124.5968152437572
128.8861367211153 126.4102643141796
129.0202312887086 128.1935518536784
129.1547916158306 129.9362490957619
129.2899499512257 131.6277134041338
129.4258416945371 133.2570321967723
129.5626061097258 134.8129654476606
129.7003870588504 136.2838864632213
129.8393324079545 137.6578889424245
129.9795822395645 138.924411044537
130.1212851882779 140.0726698196768
130.2646151539655 141.0898354738956
130.4097745988036 141.9607768716478
130.5569981015013 142.6677959084927
130.7065511494654 143.1902180839034
130.8579298911297 143.4888178177171
131.0089955402389 143.4871390204144
131.1573914181314 143.0953089678569
131.3006752106249 142.2109404531539
131.4363741011516 140.7240080032434
131.5652048572542 138.7146459063433
132.0695196218344 131.8708011184335
132.2248794539889 130.2911259677303
132.384686898378 129.0933164888602
132.5478648102174 128.2418190620092
132.7133785588905 127.7054483542715
132.8802229773974 127.4569939562671
133.0474096834489 127.4728771573673
133.2139546122786 127.7328535301858
133.3789868972906 128.2184251747849
133.5423747541873 128.9058551239814
133.7042524319369 129.7715636880212
133.8647284820247 130.7950722296691
134.0238870199237 131.9586532004978
134.1817891915661 133.2470210783486
134.3384761836385 134.6469946707775
134.4940399542096 136.1446716137652
134.6486466787263 137.7242396753327
134.802456118826 139.3707185512376
134.9556179158939 141.0699772631424
135.1082734905214 142.8085547884093
135.2605578376151 144.573489193931
135.4126012399406 146.3521531050874
135.5645273512242 148.1328988904115
135.7164366841066 149.909016590751
135.8684213952519 151.6756160181494
136.0205740227208 153.4277602808415
136.1729879872267 155.1604365034336
136.3257580832025 156.8685294767101
136.4789809770871 158.5467947695088
136.6327557154536 160.1898311613513
136.7871842456475 161.792052250913
136.9423719516736 163.3476570910752
137.0984282081474 164.8505996962294
137.255466863382 166.2945530447087
137.4135533733243 167.6703771580797
137.572617558935 168.9616720320146
137.7325761832952 170.149983889828
137.8933561883197 171.2156869941373
138.0548938633474 172.1377603032934
138.2171341201043 172.8935482490879
138.3800298657919 173.4585029132995
138.5435413203283 173.8059504541607
138.7075836000529 173.9229635408601
138.8719500214881 173.8335769530095
139.036419777834 173.5644134840295
139.2007738512036 173.1389836666904
139.3647912210298 172.578092782659
139.5282450378025 171.9002010392733
139.6909191139133 171.1215899817526
139.8527976987441 170.2554174213383
140.0139840617652 169.3131862353894
140.1745790341341 168.3059392102123
140.3346799746902 167.2443373951737
140.494381341592 166.1387226984589
140.6537752469234 164.9991786090259
140.8129519975245 163.8355894012584
140.972000625223 162.6576981699445
141.1310094095802 161.4751640363193
141.2900663962193 160.2976188610728
141.4492559077168 159.1342868718575
141.6086037083759 157.9880042762497
141.7680908838847 156.8567335879079
141.9276977845268 155.7383565601276
142.0874051093352 154.630792504342
142.2471938498698 153.531992229252
142.4070452348476 152.4399320717066
142.5669406754634 151.3526080019483
142.7268617112427 150.2680297860343
142.8867899562672 149.1842151884666
143.0467070456186 148.0991841980995
143.2065945818831 147.0109532605393
143.3664340815614 145.9175295002178
143.5262069212274 144.8169049153166
143.6858942832804 143.7070505286247
143.8454771011304 142.5859104773044
144.0049424893869 141.4520979278514
144.1643178358879 140.3085846554795
144.3236458399056 139.1599996905006
144.482968998668 138.0109504559005
144.6423297852466 136.8660420599936
144.8017708603108 135.7299002557584
144.9613352848185 134.6071945031017
145.1210667347013 133.5026612490374
145.2810097186168 132.4211275418211
145.4412097998514 131.3675350968042
145.6017138234824 130.3469649339659
145.7625701499295 129.3646627099688
145.9238213459153 128.4258697089972
146.0854584958865 127.5346962010126
146.247452483237 126.6950414342764
146.4097772120532 125.9112520201497
146.5724094744465 125.1881623846002
146.7353287479022 124.5311369822684
146.8985170160778 123.9461171387211
147.0619586114846 123.4396729299324
147.22564007868 123.0190605519965
147.3895485478555 122.6908854053463
147.5536579819844 122.4485972821658
147.7179348468683 122.2781638070937
147.8823462361868 122.1657721457732
148.046859827715 122.0978614772002
148.2114437429826 122.06106411362
148.3760664088597 122.0421474589948
148.540696420469 122.0279565540295
148.7053024048276 122.0053569582933
148.8698528846282 121.9611777214277
149.0343161415666 121.8821541958359
149.1986600786234 121.7548704425408
149.3628520807007 121.5657009801562
149.5268635941814 121.3026268653566
149.6906989229653 120.9666678760214
149.8543757615429 120.5641397782074
150.0179105571843 120.100833084246
150.1813185844423 119.5820365136606
150.3446140712602 119.0125806572469
150.5078103164385 118.3968778588032
150.670919799431 117.7389586437857
150.8339542833763 117.0425049956357
150.9969235073271 116.3107793742847
151.1597957286321 115.5438156968849
151.3224923195053 114.7381257687875
151.48493152908 113.8899038734517
151.6470307055106 112.9951954085718
151.8087060066446 112.0498830427659
151.969872106528 111.0496723025908
152.1304418967168 109.9900765394814
152.2903261813482 108.8664012239651
152.4494333649053 107.6737275121677
152.6076691315813 106.406895027103
152.764936115121 105.0604837944557
152.9211335579848 103.6287952696284
153.0761569586403 102.1058323896414
153.2298977406483 100.4852809897429
153.3823191592533 98.76575383592262
153.5336167129689 96.96186021767153
153.6840253386812 95.09089030129417
153.8337743344263 93.16970875948209
153.9830888139254 91.21486175113842
154.1321911345778 89.24268188072983
154.2813023079685 87.2693918029745
154.4306434018391 85.31120713007022
154.5804369424153 83.38443929425284
154.7309083259853 81.50559901817451
154.8822837036756 79.69125056818029
155.0346634194298 77.94907273485751
155.1879862507327 76.27533481742285
155.3421849252206 74.66588770374619
155.4971965671521 73.11690501344037
155.6529623817804 71.62486388991783
155.8094273602106 70.18652731609291
155.9665400032621 68.79892786496384
156.1242520629492 67.45935280349841
156.2825183002825 66.16533047506255
156.4412962581743 64.91461789200912
156.6005460483102 63.70518947616529
156.7602305119973 62.53532143218945
156.9203280150886 61.40698204854471
157.0808359342753 60.32678308145569
157.2417547965223 59.3018637604946
157.4030871887842 58.33964042302341
157.564837770974 57.44784369106947
157.727013299322 56.63455722366143
157.8896226602436 55.9082582388919
158.0526769148859 55.27786000881042
158.2161893545749 54.7527565401997
158.3801755674431 54.34286966518175
158.5446535165703 54.05869877773966
158.7096402638969 53.91124074625532
158.8750252940708 53.90709010399587
159.0405318904249 54.04719700349233
159.2058730462217 54.33321406445248
159.3707604362852 54.76795670252614
159.5349021192625 55.35542556608834
159.6980002110675 56.10083841843789
159.8597485109648 57.01067171951218
160.0198300613776 58.09271223847827
160.1779146219693 59.35611910850912
160.3337438539595 60.80636868537931
160.4875502465472 62.42077275153224
160.6397270690057 64.16779341584788
160.7906477583922 66.01751247266748
160.9406702721494 67.94127729204229
161.0901414992972 69.91134772684018
161.2394015352245 71.90055426459003
161.3887874317249 73.88199695849744
161.5385599984197 75.83463263176054
161.6888180442993 77.74982319295305
161.8396441134558 79.62017199605089
161.9911267527608 81.43780851446536
162.143361447615 83.19430516656303
162.2964516310222 84.88058825432836
162.4505097766536 86.48684207395945
162.605658587451 88.00240518507962
162.7619937676957 89.41862262514769
162.9194395594333 90.739958193858
163.0778748588255 91.97429113670023
163.2371861363301 93.12883463503567
163.3972665751595 94.21019043148863
163.558015252727 95.22439942010533
163.7193363672619 96.17698793866202
163.8811385036656 97.07301011783056
164.0433339329839 97.91708661175471
164.2058380695777 98.71343182591863
164.3685878857135 99.46469258786692
164.5315611163333 100.1708022299636
164.6947410079289 100.8312550138126
164.8581113936564 101.4454155914818
165.0216566474418 102.0125172018961
165.185361639622 102.5316594941751
165.3492116939951 103.0018059717422
165.5131925461583 103.4217810499404
165.6772903030143 103.7902667188155
165.8414914033315 104.1057988015818
166.0057825792476 104.3667627981522
166.1701508186043 104.5713893019401
166.3345833280091 104.7177489769092
166.4990674965177 104.8037470806266
166.6635908598344 104.8271175177561
166.8281409890957 104.785432964406
166.9926982601049 104.6776624622053
167.1572298662804 104.5054204612543
167.3217015027121 104.2703683591226
167.4860786236998 103.9739153592154
167.6503263040466 103.6172241289833
167.8144090988275 103.2012154682516
167.9782909010714 102.726572006397
168.1419347967851 102.1937409432358
168.3053029167365 101.6029358446076
168.4683562844032 100.9541374998862
168.6310546594738 100.2470938448441
168.7933563762764 99.48131894956896
168.9552181764826 98.65609106736338
169.1166071438485 97.77138019348422
169.2775628107144 96.83262414130695
169.4381508415416 95.84716537233544
169.5984350661779 94.82211055050811
169.7584777532739 93.76436286390162
169.9183399302696 92.68065749878315
170.078081697001 91.57759625031758
170.2377625345409 90.4616814478286
170.3974416108597 89.33934936890182
170.5571780848773 88.21700331407828
170.7170314104684 87.10104651208258
170.8770616419834 85.9979150246736
171.0373000015452 84.91144703625378
171.1976592323743 83.83485869638207
171.3580227285341 82.75873211905127
171.5182739088063 81.67365209423497
171.6782955410838 80.57015152522672
171.8379690629917 79.43865656529215
171.9971738947992 78.26943113566995
172.1557867406407 77.05252050342733
172.3136808739961 75.77769359217291
172.4707254032902 74.43438369130854
172.626784513355 73.01162722023855
172.7817474903009 71.50037985665495
172.9357045765135 69.90709609481201
173.0888261151985 68.24439445613461
173.2412785035267 66.52456407341742
173.393224766426 64.75960617406508
173.5448253781603 62.96129456134167
173.6962390710537 61.14123494950945
173.847623635436 59.31092345184879
173.9991367148414 57.48180451635017
174.150936600467 55.66532860103143
174.3031830288953 53.87300987952858
174.4560379871011 52.11648426781176
174.6096503212391 50.40737948713922
174.7640726333421 48.75645430081113
174.9193260567474 47.17455127855556
175.0754397046393 45.67318150168921
175.2324510340166 44.26463719003732
175.3904062090099 42.96211093127567
175.549360548654 41.77982364347099
175.7093790634594 40.73316251198321
175.8705365447566 39.8387762928005
176.0328284652373 39.10578432568491
176.1960705640996 38.52586540651282
176.3600637469241 38.0897955498549
176.524616329911 37.78977006655441
176.689542148619 37.61932655824603
176.8546587211618 37.57328115567634
177.0197854477385 37.64767737171405
177.1847418287334 37.83974706441131
177.3493538599006 38.14756923067853
177.5135423442729 38.56650286332024
177.6772900237721 39.09008733209066
177.8405786312723 39.71232705249986
178.0033876731159 40.42770492511227
178.165694329717 41.23115557722031
178.3274733448856 42.11804079542799
178.4886969033325 43.08412702997521
178.6493344957635 44.12556486172161
178.8093527709075 45.2388703321858
178.9687153737596 46.42090804609961
179.1273827692575 47.66887596450852
179.2853155214326 48.9800960266075
179.4425719812799 50.34648502477194
179.5993214795305 51.75380806250905
179.7557359692681 53.18777020304697
179.9119850089069 54.63426692819667
180.0682369742095 56.07928331805579
180.2246602618515 57.50879387115492
180.3814244931352 58.90866224898218
180.5387017264572 60.2645402282169
180.6966676871966 61.56176513840364
180.855500039725 62.78535712086341
181.0152634256685 63.9238559968544
181.175874698335 64.97027013080242
181.3372504624401 65.91683294266568
181.4993168462714 66.7545339649505
181.6620085814403 67.47300659575831
181.8252681898071 68.060398957914
181.9890452674533 68.50322625544777
182.1532845434784 68.788131841633
182.3178460384481 68.91515650056408
182.4825509076989 68.8894401284133
182.6472222047991 68.71385291849856
182.8116824740473 68.38899161347945
182.9757510585764 67.91318855757436
183.1392413598973 67.28248639923459
183.3019479726032 66.49152759104527
183.4635939028831 65.53816525290858
183.6238640238286 64.4198493601416
183.7824221552562 63.13151298207413
183.9389059615951 61.66549165361812
184.0929214162059 60.01140627930545
184.2440367815314 58.15600456382072
184.3920378361162 56.09842729290631
184.5377487513968 53.89888717912709
184.6822399885368 51.63204684798802
184.8265635248978 49.37154901513077
184.9717687963327 47.19113251687668
185.1189186014073 45.16574982379552
185.2691050535326 43.37269207796999
185.4230751604885 41.86527157322507
185.5803939975405 40.61397983751067
185.7404270488567 39.57554413812795
185.9025746929595 38.70942825215388
186.0662644938998 37.97731132656008
186.2309438419325 37.34259521945933
186.3960728490816 36.76993398879313
186.5611332477831 36.22767471378847
186.7258634385363 35.7319251032277
186.8902031307219 35.3386933858892
187.0540859357782 35.10831653120658
187.2174311526531 35.10623311574091
187.3801621742099 35.39385528265666
187.5423566297727 35.94914618619896
187.7041667966484 36.70987372580748
187.8657407174355 37.6160696823481
188.027223491776 38.60957796082585
188.1887590838854 39.63333013028114
188.350492115939 40.63063451291328
188.5125695462467 41.54451268083903
188.6750876192809 42.3359802469522
188.8380062310113 43.01357861910856
189.0012668919958 43.59245737515357
189.1648144598794 44.08680008240663
189.3285965998048 44.50996308948197
189.4925632722952 44.87460622344497
189.6566662435977 45.19281667124324
189.8208586136975 45.47622725759811
189.98509568011 45.73578112201722
190.1493570814249 45.97588507690216
190.3136434001344 46.19532454098408
190.4779560675242 46.39257099027691
190.6422966827169 46.56595453487989
190.806667022858 46.71365328204411
190.971069054436 46.83368173100917
191.135504945809 46.92387812568632
191.2999770810165 46.98189068462307
191.464488074965 47.00516262052861
191.6290407900853 46.99091585396127
191.7936331848866 46.93631730816833
191.9582355978961 46.83925736859965
192.1228090857907 46.69765148650367
192.2873144857815 46.5090879014042
192.4517121345668 46.27080966737503
192.6159615767668 45.97969438676319
192.7800212675374 45.63223125749119
192.9438482671739 45.22449526518994
193.1073979254625 44.75211833047888
193.2706235534567 44.21025719926638
193.4334886297996 43.59548971731965
193.596006957289 42.91202654192966
193.7582044226871 42.16586234145234
193.9201054004529 41.36269625653495
194.0817328675775 40.50795875442509
194.2431085118829 39.60683722500835
194.4042528342465 38.66430043111632
194.5651852452302 37.68512192835078
194.7259241565697 36.6739025648285
194.8864870679576 35.63509216686634
195.0468906495255 34.57301051286049
195.2071508204183 33.49186769417065
195.3672803071353 32.39547785624927
195.5272536708978 31.28301620712773
195.6870158911474 30.15007378911923
195.8465102071378 28.99205466907188
196.0056785866053 27.8042438956727
196.1644614503375 26.58178512151335
196.3227973894009 25.31965755405508
196.4806228736836 24.01265212612998
196.6378719503715 22.65534677284359
196.7944759309247 21.24208069756514
196.9503630650708 19.76692750484563
197.1054582002662 18.22366707277706
197.2596839925667 16.60589417290339
197.4131296311717 14.92189268536095
197.5661982744696 13.20765371194375
197.7193215667245 11.50173942828678
197.8729322756807 9.84288315003505
198.0274731894558 8.270785617180081
198.183401971633 6.826562910553548
198.3409356109416 5.530611136816333
198.4998903501805 4.368697615661404
198.6600582298931 3.32458885017968
198.8212420473774 2.383095902436253
198.9832536081148 1.529939715192995
199.1459120570753 0.7516245014267042
199.3090422751003 0.03531807899162232
199.4724733261439 -0.6312619106183774
199.6360376738163 -1.259913484651406
199.7996271198517 -1.858666736683517
199.9632330770259 -2.429513701560609
200.1268567298816 -2.973806429899014
200.2904993008467 -3.492840121595691
200.4541620528514 -3.987855898761154
200.6178462920321 -4.460043462872818
200.7815533705277 -4.910543641837649
200.9452846893743 -5.340450832430179
201.1090417015052 -5.750815343307295
201.2728259148608 -6.142645643652031
201.4366388956176 -6.516910522230319
201.6004822715408 -6.8745411614982
201.7643577354698 -7.216433131198755
201.9282670489421 -7.543448305712445
202.0922120459642 -7.856416709262703
202.256194636939 -8.156138292948526
202.4202168127552 -8.443384647375751
202.5842806490497 -8.7189006545741
202.748387685292 -8.983289298101226
202.9125364093137 -9.23654580648963
203.0767243956972 -9.478464033464661
203.2409492803172 -9.70881997277229
203.405208756966 -9.927371469385435
203.5695005737337 -10.13385783940339
203.7338225294725 -10.32799946087107
203.8981724703429 -10.50949733486868
204.0625482864319 -10.67803261618701
204.226947908442 -10.83326611285065
204.3913693044425 -10.97483775370347
204.5558104766801 -11.10236602322766
204.7202694584437 -11.21544736269061
204.8847443109767 -11.31365553670003
205.0492331204344 -11.39654096416416
205.2137339948792 -11.46363001260397
205.3782450613116 -11.51442425471487
205.54276446273 -11.54839968600936
205.7072903552156 -11.5650059023119
205.8718209050387 -11.5636652358171
206.0363542857795 -11.54377184834993
206.2008885918401 -11.50469641625205
206.3654196828458 -11.44592482386452
206.5299409821257 -11.36704580324113
206.694445756085 -11.26758353723108
206.8589272111494 -11.14698750079242
207.0233784691073 -11.00463046283676
207.1877925421457 -10.83980620966122
207.3521623074866 -10.651726981715
207.5164804815354 -10.43952061438267
207.6807395934443 -10.20222737242602
207.8449319579965 -9.938796466571148
208.0090496477126 -9.648082239624273
210.7946518669715 -4.883454942088065
210.9561236490958 -4.268001864028975
211.1176420736073 -3.655630727424523
211.2792218389986 -3.048260867625231
211.4407788627718 -2.434434177957883
211.6021838544248 -1.796510917336036
211.7633032366879 -1.116176764005559
211.9239957640315 -0.3739787160243395
212.0841174640982 0.4499441848438437
212.2436378365673 1.359171586524099
212.4026150406842 2.344555624315944
212.5611061020045 3.397099887002241
212.7191649802118 4.50823151108807
212.8768429094153 5.669747115811788
213.0341887212595 6.873761068311978
213.1912491528818 8.112655752672708
213.3480691416621 9.379033529227854
213.5046921086208 10.66567008115726
213.6611602322553 11.96546885413818
213.8175080709262 13.27245405718077
213.9737337756163 14.58626888937397
214.129822961179 15.90845405550181
214.2857605791977 17.24059172811531
214.4415308542538 18.58431181750439
214.5971172082592 19.94129978964838
214.7525021809382 21.31330475064624
214.9076673460791 22.70214783640085
215.0625932231509 24.1097309477891
215.217259183865 25.5380458732443
215.3716433532293 26.98918384246554
215.5257225046246 28.4653455571206
215.6794760295928 29.9685155176353
215.8329366460477 31.49628604681038
215.9861744617783 33.04317269708145
216.1392586680066 34.60377261168105
216.2922572278861 36.17279256787697
216.44523741985 37.74500665901905
216.5982663754841 39.31521451474237
216.7514116162278 40.87819972534908
216.9047415931898 42.42868813793893
217.0583262148749 43.96130679468524
217.2122205062742 45.4714973174282
217.3664337635661 46.95725641864283
217.5209685635507 48.41692792416006
217.6758291115222 49.8487235358125
217.8310212625677 51.25071377436825
217.986552551221 52.62081820742606
218.1424322296222 53.95679491280635
218.2986713143761 55.2562291240406
218.4552826423476 56.51652100047477
218.6122809356755 57.73487246004743
218.7696828763345 58.90827300802721
218.9275071173342 60.03349445794129
219.0857512581594 61.11022195946589
219.2443596947157 62.14544609474115
219.4032721225462 63.14687849700431
219.5624313683738 64.1218827368557
219.7217828012041 65.07755016873261
219.881273769613 66.02077297349115
220.0408530594249 66.95831514946303
220.2004703661951 67.89688218319361
220.3600862696342 68.84122822567724
220.5197409965052 69.78127709314958
220.6795119231131 70.70004997694377
220.8394785000955 71.58018751298914
220.9997233504626 72.4037038843735
221.1603336092886 73.15169519031588
221.3214022924453 73.80404126638314
221.482986833422 74.34720442671096
221.6450284658881 74.78945956753887
221.8074513510048 75.14215673789704
221.9701835708811 75.41572493855938
222.1331563889422 75.61977937785559
222.2963035430163 75.76322035814064
222.4595605638702 75.85432480987993
222.6228641121818 75.90083141476362
222.7861543546058 75.9094907511203
222.9493998613733 75.88171711088671
223.1125845553727 75.81596244420143
223.2756921832886 75.71044038016225
223.4387060654367 75.56314453438608
223.6016090034834 75.37183740867704
223.764383185296 75.13403801204549
223.9270100863968 74.84700813460449
224.0894703674762 74.50773719839572
224.2517437673978 74.11292560134507
224.4138089911037 73.65896646218198
224.5756439341019 73.1420097676255
224.7372524007189 72.5645347352347
224.8986832238182 71.94005087409869
225.0599884423495 71.28282974985586
225.2212191302282 70.6068914039306
225.3824257887419 69.92611207114987
225.5436587345579 69.25433079247659
225.7049684863118 68.60545574196931
225.8664061527482 67.99357108491222
226.0280238253953 67.43304518809555
226.1898718809654 66.93775955005094
226.3519553385825 66.50868724393285
226.5142441931336 66.13683045053085
226.6767087815072 65.8132808696837
226.8393205552069 65.52943659612129
227.0020518992788 65.27694756073743
227.1648759571597 65.04766256917628
227.3277664603362 64.83357760179842
227.4906975617329 64.62678504713176
227.653643671774 64.4194235467935
227.816579296078 64.20362813379052
227.9794767635177 63.97144142990828
228.1422972255062 63.71453148719365
228.3049971148247 63.42408568752171
228.4675307274367 63.09069743677765
228.6298494143708 62.70419958488401
228.7919007200954 62.25348435488877
228.9536296274548 61.72684731184199
229.1150198440486 61.12228140250591
229.2760924530361 60.44713305157984
229.436867789757 59.70862304245429
229.5973640650462 58.91351933410624
229.7575974953809 58.06818542941392
229.9175824187738 57.17862585297189
230.0773313972422 56.25052906340125
230.2368553065847 55.28930810685051
230.3961634141066 54.30013930220639
230.5552642377693 53.28802531360134
230.71418581751 52.2584971644842
230.8729776514418 51.21771664174412
231.0316895574793 50.17181287345647
231.190370860418 49.12688337958343
231.3490706962465 48.08903169092037
231.5078383152925 47.06440500512736
231.6667233860757 46.05923211216032
231.8257763017401 45.07986182309605
231.9850484909567 44.13280213943062
232.1445927352155 43.22476040450692
232.3044593735968 42.3621508049373
232.4646490879986 41.54497589954508
232.6251291387431 40.76892659974874
232.7858675216396 40.02980611617886
232.9468334836261 39.32359650947046
233.1079973738295 38.64643923096355
233.2693304999628 37.99461643537006
233.4308049893659 37.36453297486742
233.5923936540152 36.752698987435
233.7540698588496 36.15571299509884
233.9158073927738 35.57024543022862
234.0775803417155 34.99302251010795
234.2393634020598 34.42087645119136
234.4011456887425 33.8528270870238
234.5629335529479 33.29050971351262
234.7247343927201 32.73574189201736
234.8865556716038 32.19037929395381
235.0484049563204 31.65632506821339
235.210289954964 31.13553944823389
235.3722185559125 30.63004964724132
235.5341988676478 30.14196009160014
235.6962392596874 29.67346304393641
235.8583484048332 29.22684966965744
236.0205353229526 28.80452160272989
236.1828090741871 28.40889941707883
236.3451695002686 28.03969743452717
236.5076062459681 27.69363429026589
236.6701087478942 27.36737037558169
236.8326667295154 27.05765245536304
236.9952701563289 26.76129947595928
237.1579091920852 26.47518868790894
237.320574155878 26.19624202303976
237.4832554799114 25.92141266646922
237.6459436677603 25.64767176496525
237.8086292529432 25.37199521364846
237.9713027576243 25.0913504634218
238.133954651267 24.80268329155342
238.2965759652676 24.50314172823391
238.4591677080169 24.19348177716393
238.6217386856143 23.87728138902276
238.7842978179332 23.55816427204582
238.9468539682173 23.23974019037223
239.1094159854546 22.92562222135621
239.271992746681 22.61944402872177
239.4345931994196 22.32487723413578
239.5972264044562 22.0456489702492
239.7599015791568 21.7855596991144
239.9226281415329 21.54850138117809
240.0854157552666 21.33847608170299
240.2482742228158 21.15955413402617
240.4112015389378 21.01111779295661
240.5741753136315 20.88444947046673
240.7371714258164 20.77016363390749
240.9001659016705 20.65895638136908
241.063134756584 20.54154410630827
241.2260538370432 20.40860229597092
241.3888986613993 20.25070406014402
241.5516442584748 20.058257984992
241.714265002943 19.82144490227893
241.8767344463944 19.53015315713492
242.0390295799991 19.17561540171209
242.2011565375709 18.76027660398404
242.3631330285591 18.29104959333517
242.5249758612406 17.77452553996182
242.686701005934 17.21699908950632
242.8483236951233 16.62450782677888
243.0098585189571 16.00287012785066
243.1713195167203 15.35772163783213
243.3327202648514 14.69455060305199
243.4940739620596 14.01873227911619
243.6553935083006 13.33556174024034
243.8166843157868 12.64857079531475
243.9779292066625 11.95597333267779
244.1391064995725 11.25494203827338
244.3001942341118 10.54261478251328
244.4611700801714 9.816082805188216
244.6220112457577 9.072378707869575
244.7826943829057 8.308464204250413
244.9431954912961 7.521217577866082
245.1034898191805 6.707420795390135
245.2635517612043 5.863746222349619
245.4233547527055 4.986742886375396
245.5828711600537 4.072822231315968
245.7420721665767 3.118243303400504
245.9009334734217 2.119877826633456
246.0594653646903 1.079243592901094
246.2176901874176 -0.0005135290939506376
246.3756286156537 -1.116460633591487
246.5332997368738 -2.265865300920268
246.6907211577195 -3.446180460371579
246.8479091015367 -4.655030279884159
247.00487849825 -5.890197004351649
247.1616430670718 -7.149608669656118
247.3182153925043 -8.431327624350161
247.4746069940553 -9.733539795418892
247.6308289732958 -11.05448196521184
247.7869103697193 -12.39046615244024
247.9429020758921 -13.73545603862567
248.0988559629319 -15.0833078057376
248.2548237613648 -16.4278882747426
248.4108572534317 -17.76305210560622
248.567008465589 -19.08261895209034
248.7233298619156 -20.38035048640904
248.8798745391472 -21.64992720834243
249.036696424063 -22.8849249525947
249.1938504739574 -24.07879100706032
249.351392880943 -25.22481975321443
249.5093812808437 -26.31612773808593
249.6678749674552 -27.34562808512374
249.8269329334163 -28.30621030843031
249.9865636484495 -29.19548281026118
250.1467239459222 -30.01586238594291
250.3073706501567 -30.76967925358395
250.4684628496996 -31.45895378181194
250.6299617068785 -32.08540589459517
250.7918302770129 -32.65046307748844
250.9540333364361 -33.15526702257694
251.1165372185301 -33.60067894306212
251.2793096570063 -33.98728358220251
251.4423196357062 -34.31539193529989
251.6055372442218 -34.58504269737659
251.768933538285 -34.79600240316495
251.9324632945344 -34.9459162245771
252.0960193173762 -35.02519080221464
252.2594802505384 -35.02185280018148
252.4227235811735 -34.92292406585648
252.5856241497347 -34.71426377664693
252.7480526276603 -34.38039644517539
252.9098739443508 -33.90432369093969
253.0709463357249 -33.26751766168081
253.2311658733223 -32.46305608169359
253.3904959067 -31.50422912957129
253.5488993485277 -30.40504431981253
253.7063315652604 -29.17836608445441
253.86274001364 -27.83602054174617
254.0180638127802 -26.38889180873775
254.1722332483488 -24.84701064214551
254.3251692048104 -23.219636129425
254.4767825211047 -21.51533109530465
254.6269932115696 -19.74106873795518
254.7758200789179 -17.8980105792175
254.9233104484237 -15.98508361666109
255.0695035386992 -14.00078787795064
255.2144306690744 -11.94318881806521
255.3581154503036 -9.80990553962738
255.5005739283342 -7.598096295340383
255.6418146820125 -5.304441184272037
255.7818388753207 -2.925121936586947
255.9206402644656 -0.4557986636691567
256.0582051598581 2.108416567966742
