# Age_Ma	SL_envelope_m
0.000	-4.620
0.100	-5.161
0.200	-5.703
0.300	-6.244
0.400	-7.176
0.500	-7.965
0.600	-8.641
0.700	-9.227
0.800	-10.334
0.900	-11.458
1.000	-12.509
1.100	-13.104
1.200	-13.604
1.300	-13.948
1.400	-13.974
1.500	-13.901
1.600	-13.755
1.700	-13.245
1.800	-12.325
1.900	-10.979
2.000	-9.176
2.100	-7.372
2.200	-5.386
2.300	-3.401
2.400	-1.326
2.500	0.749
2.600	2.440
2.700	4.108
2.800	5.692
2.900	7.031
3.000	8.341
3.100	9.652
3.200	10.671
3.300	11.352
3.400	11.992
3.500	12.174
3.600	12.357
3.700	12.357
3.800	12.357
3.900	12.230
4.000	12.103
4.100	11.854
4.200	11.579
4.300	11.171
4.400	10.762
4.500	10.347
4.600	9.932
4.700	9.436
4.800	8.848
4.900	8.261
5.000	7.673
5.100	7.086
5.200	6.498
5.300	5.910
5.400	5.340
5.500	4.879
5.600	4.394
5.700	3.933
5.800	3.580
5.900	3.227
6.000	2.881
6.100	2.534
6.200	2.269
6.300	2.095
6.400	1.921
6.500	1.747
6.600	1.573
6.700	1.399
6.800	1.225
6.900	1.161
7.000	0.987
7.100	0.961
7.200	0.934
7.300	0.934
7.400	0.819
7.500	0.591
7.600	0.210
7.700	-0.378
7.800	-1.005
7.900	-1.632
8.000	-2.260
8.100	-2.848
8.200	-3.436
8.300	-3.510
8.400	-3.183
8.500	-2.856
8.600	-2.529
8.700	-2.201
8.800	-1.804
8.900	-1.293
9.000	-0.536
9.100	0.374
9.200	1.490
9.300	2.646
9.400	3.802
9.500	4.958
9.600	6.074
9.700	7.191
9.800	7.884
9.900	8.352
10.000	8.867
10.100	9.496
10.200	10.223
10.300	11.165
10.400	12.630
10.500	14.022
10.600	15.447
10.700	16.873
10.800	18.298
10.900	19.723
11.000	21.149
11.100	22.574
11.200	23.999
11.300	25.334
11.400	26.493
11.500	27.604
11.600	28.602
11.700	29.501
11.800	30.116
11.900	30.208
12.000	30.241
12.100	30.241
12.200	30.641
12.300	31.238
12.400	32.235
12.500	33.232
12.600	34.259
12.700	35.286
12.800	36.468
12.900	37.839
13.000	39.559
13.100	41.294
13.200	43.175
13.300	45.219
13.400	47.318
13.500	49.480
13.600	51.641
13.700	53.402
13.800	54.967
13.900	56.131
14.000	57.296
14.100	58.430
14.200	59.565
14.300	60.544
14.400	61.334
14.500	61.776
14.600	62.202
14.700	62.483
14.800	62.614
14.900	62.691
15.000	62.705
15.100	62.719
15.200	62.733
15.300	62.748
15.400	62.762
15.500	62.637
15.600	62.481
15.700	62.325
15.800	62.169
15.900	62.013
16.000	61.856
16.100	61.700
16.200	61.544
16.300	61.373
16.400	61.203
16.500	61.032
16.600	60.862
16.700	60.691
16.800	60.253
16.900	59.711
17.000	59.200
17.100	58.544
17.200	57.361
17.300	56.122
17.400	54.734
17.500	53.346
17.600	51.958
17.700	50.526
17.800	49.024
17.900	47.145
18.000	45.266
18.100	43.327
18.200	41.138
18.300	39.218
18.400	37.513
18.500	35.916
18.600	34.633
18.700	33.877
18.800	33.177
18.900	32.626
19.000	32.074
19.100	31.523
19.200	30.879
19.300	30.305
19.400	30.107
19.500	29.910
19.600	29.773
19.700	29.885
19.800	30.134
19.900	30.299
20.000	30.463
20.100	30.490
20.200	30.517
20.300	30.544
20.400	30.571
20.500	30.598
20.600	30.625
20.700	30.700
20.800	30.954
20.900	31.207
21.000	31.461
21.100	31.886
21.200	32.312
21.300	32.601
21.400	32.862
21.500	33.124
21.600	33.385
21.700	33.647
21.800	33.908
21.900	34.177
22.000	34.446
22.100	35.076
22.200	35.907
22.300	36.686
22.400	37.617
22.500	38.548
22.600	39.306
22.700	40.121
22.800	40.935
22.900	41.866
23.000	42.798
23.100	43.730
23.200	44.661
23.300	45.593
23.400	46.517
23.500	47.566
23.600	48.254
23.700	48.829
23.800	49.279
23.900	49.576
24.000	49.874
24.100	50.171
24.200	50.414
24.300	50.656
24.400	50.679
24.500	50.703
24.600	50.726
24.700	50.749
24.800	50.749
24.900	50.749
25.000	50.545
25.100	50.340
25.200	50.136
25.300	49.932
25.400	49.629
25.500	49.327
25.600	49.023
25.700	48.487
25.800	47.914
25.900	47.441
26.000	46.969
26.100	46.426
26.200	45.883
26.300	45.364
26.400	44.505
26.500	43.706
26.600	42.906
26.700	41.916
26.800	40.645
26.900	39.435
27.000	38.124
27.100	36.815
27.200	35.738
27.300	34.698
27.400	33.658
27.500	32.618
27.600	31.649
27.700	30.738
27.800	29.845
27.900	29.353
28.000	28.993
28.100	28.634
28.200	28.465
28.300	28.576
28.400	28.725
28.500	29.189
28.600	29.653
28.700	30.116
28.800	30.580
28.900	31.043
29.000	31.507
29.100	31.971
29.200	32.377
29.300	32.764
29.400	33.089
29.500	33.303
29.600	33.517
29.700	33.744
29.800	33.971
29.900	34.198
30.000	34.211
30.100	34.097
30.200	33.984
30.300	33.968
30.400	33.953
30.500	33.966
30.600	33.950
30.700	33.935
30.800	33.920
30.900	33.904
31.000	33.889
31.100	33.873
31.200	33.845
31.300	33.816
31.400	33.788
31.500	33.759
31.600	33.858
31.700	33.956
31.800	33.891
31.900	33.825
32.000	33.797
32.100	34.402
32.200	35.616
32.300	37.602
32.400	40.308
32.500	43.919
32.600	48.313
32.700	52.913
32.800	57.513
32.900	62.112
33.000	66.712
33.100	71.312
33.200	75.912
33.300	80.577
33.400	85.242
33.500	89.842
33.600	93.836
33.700	97.223
33.800	99.836
33.900	101.730
34.000	102.719
34.100	102.924
34.200	102.924
34.300	102.924
34.400	102.924
34.500	102.924
34.600	102.604
34.700	101.926
34.800	101.031
34.900	100.134
35.000	99.195
35.100	98.110
35.200	96.919
35.300	95.704
35.400	94.455
35.500	93.179
35.600	91.803
35.700	90.379
35.800	88.937
35.900	87.452
36.000	85.950
36.100	84.762
36.200	83.909
36.300	82.972
36.400	81.792
36.500	80.623
36.600	79.588
36.700	78.660
36.800	77.755
36.900	76.884
37.000	76.041
37.100	75.296
37.200	74.613
37.300	73.957
37.400	73.687
37.500	73.446
37.600	73.267
37.700	73.257
37.800	73.660
37.900	74.461
38.000	75.294
38.100	76.198
38.200	77.127
38.300	78.395
38.400	80.010
38.500	81.881
38.600	83.958
38.700	86.023
38.800	88.078
38.900	89.791
39.000	91.492
39.100	93.136
39.200	94.634
39.300	96.021
39.400	97.254
39.500	98.486
39.600	99.659
39.700	100.807
39.800	101.617
39.900	102.079
40.000	102.285
40.100	102.285
40.200	102.285
40.300	102.285
40.400	102.285
40.500	101.908
40.600	101.098
40.700	100.252
40.800	99.347
40.900	98.443
41.000	97.539
41.100	96.634
41.200	95.730
41.300	94.872
41.400	94.024
41.500	93.178
41.600	92.368
41.700	91.724
41.800	91.153
41.900	90.760
42.000	90.780
42.100	91.310
42.200	91.925
42.300	92.612
42.400	93.298
42.500	93.985
42.600	94.672
42.700	95.359
42.800	96.000
42.900	96.630
43.000	97.258
43.100	97.851
43.200	98.277
43.300	98.630
43.400	98.806
43.500	98.945
43.600	99.007
43.700	99.022
43.800	99.022
43.900	99.022
44.000	99.022
44.100	99.007
44.200	98.933
44.300	98.712
44.400	98.476
44.500	98.166
44.600	97.856
44.700	97.546
44.800	97.236
44.900	96.926
45.000	96.616
45.100	96.306
45.200	95.996
45.300	95.686
45.400	95.435
45.500	95.183
45.600	94.947
45.700	94.788
45.800	94.775
45.900	94.779
46.000	95.114
46.100	95.470
46.200	95.934
46.300	96.424
46.400	97.106
46.500	98.239
46.600	99.566
46.700	101.225
46.800	103.345
46.900	105.688
47.000	108.032
47.100	110.375
47.200	112.700
47.300	115.026
47.400	117.350
47.500	119.460
47.600	121.607
47.700	123.977
47.800	126.384
47.900	128.688
48.000	130.621
48.100	132.424
48.200	133.895
48.300	134.905
48.400	135.634
48.500	136.362
48.600	137.090
48.700	137.818
48.800	138.546
48.900	139.274
49.000	139.960
49.100	140.587
49.200	140.883
49.300	141.116
49.400	141.261
49.500	141.326
49.600	141.326
49.700	141.326
49.800	141.326
49.900	141.326
50.000	141.196
50.100	141.047
50.200	140.733
50.300	140.108
50.400	139.412
50.500	138.701
50.600	137.990
50.700	137.278
50.800	136.567
50.900	135.856
51.000	135.144
51.100	134.433
51.200	133.722
51.300	133.015
51.400	132.308
51.500	131.731
51.600	131.255
51.700	131.001
51.800	131.084
51.900	131.238
52.000	131.535
52.100	132.108
52.200	132.900
52.300	133.840
52.400	134.780
52.500	135.720
52.600	136.660
52.700	137.600
52.800	138.535
52.900	139.470
53.000	140.405
53.100	141.259
53.200	142.056
53.300	142.826
53.400	143.597
53.500	144.239
53.600	144.606
53.700	144.753
53.800	144.753
53.900	144.753
54.000	144.753
54.100	144.753
54.200	144.634
54.300	144.359
54.400	143.795
54.500	142.939
54.600	141.766
54.700	140.032
54.800	138.248
54.900	136.464
55.000	134.680
55.100	133.079
55.200	131.522
55.300	129.964
55.400	128.406
55.500	126.849
55.600	125.451
55.700	124.201
55.800	123.441
55.900	123.252
56.000	123.551
56.100	124.590
56.200	126.190
56.300	127.839
56.400	129.488
56.500	131.137
56.600	132.604
56.700	134.027
56.800	135.450
56.900	136.873
57.000	138.296
57.100	139.559
57.200	140.793
57.300	141.693
57.400	142.312
57.500	142.734
57.600	142.734
57.700	142.734
57.800	142.734
57.900	142.734
58.000	142.678
58.100	142.559
58.200	141.713
58.300	140.572
58.400	139.430
58.500	138.248
58.600	137.106
58.700	135.965
58.800	135.123
58.900	134.363
59.000	133.796
59.100	133.230
59.200	132.701
59.300	132.199
59.400	131.705
59.500	131.429
59.600	131.595
59.700	132.615
59.800	133.945
59.900	135.293
60.000	136.791
60.100	138.270
60.200	139.760
60.300	140.986
60.400	142.180
60.500	143.180
60.600	144.180
60.700	145.143
60.800	146.287
60.900	147.461
61.000	148.510
61.100	149.402
61.200	150.394
61.300	151.694
61.400	153.040
61.500	154.474
61.600	156.098
61.700	157.927
61.800	159.919
61.900	162.011
62.000	164.164
62.100	166.318
62.200	168.472
62.300	170.416
62.400	172.323
62.500	174.194
62.600	175.843
62.700	177.263
62.800	178.361
62.900	179.397
63.000	180.234
63.100	180.860
63.200	181.269
63.300	181.480
63.400	181.548
63.500	181.555
63.600	181.562
63.700	181.569
63.800	181.576
63.900	181.583
64.000	181.590
64.100	181.573
64.200	181.537
64.300	181.501
64.400	181.464
64.500	181.483
64.600	181.537
64.700	181.592
64.800	181.646
64.900	181.695
65.000	181.742
65.100	181.790
65.200	181.837
65.300	181.885
65.400	181.934
65.500	182.243
65.600	182.936
65.700	184.063
65.800	185.437
65.900	186.957
66.000	188.421
66.100	189.850
66.200	191.279
66.300	192.708
66.400	194.137
66.500	195.566
66.600	196.995
66.700	198.423
66.800	199.852
66.900	201.279
67.000	202.446
67.100	203.253
67.200	203.646
67.300	203.812
67.400	203.839
67.500	203.866
67.600	203.893
67.700	203.920
67.800	203.947
67.900	204.143
68.000	204.447
68.100	204.886
68.200	205.373
68.300	205.861
68.400	206.348
68.500	206.835
68.600	207.323
68.700	207.810
68.800	208.277
68.900	208.737
69.000	209.198
69.100	209.771
69.200	210.348
69.300	211.172
69.400	211.942
69.500	212.607
69.600	213.135
69.700	213.615
69.800	214.095
69.900	214.575
70.000	215.055
70.100	215.535
70.200	216.015
70.300	216.495
70.400	216.983
70.500	217.523
70.600	217.961
70.700	218.552
70.800	218.897
70.900	219.125
71.000	219.353
71.100	219.581
71.200	219.810
71.300	220.038
71.400	220.266
71.500	220.494
71.600	220.722
71.700	220.950
71.800	221.178
71.900	221.398
72.000	221.566
72.100	221.724
72.200	221.724
72.300	221.785
72.400	221.860
72.500	221.956
72.600	222.095
72.700	222.233
72.800	222.371
72.900	222.510
73.000	222.648
73.100	222.786
73.200	222.925
73.300	223.063
73.400	223.201
73.500	223.340
73.600	223.478
73.700	223.616
73.800	223.694
73.900	223.823
74.000	223.936
74.100	224.066
74.200	224.195
74.300	224.325
74.400	224.455
74.500	224.585
74.600	224.715
74.700	224.845
74.800	224.975
74.900	225.105
75.000	225.235
75.100	225.365
75.200	225.495
75.300	225.701
75.400	225.840
75.500	226.023
75.600	226.157
75.700	226.291
75.800	226.425
75.900	226.559
76.000	226.693
76.100	226.816
76.200	226.939
76.300	227.062
76.400	227.185
76.500	227.308
76.600	227.431
76.700	227.553
76.800	227.601
76.900	227.648
77.000	227.648
77.100	227.636
77.200	227.625
77.300	227.614
77.400	227.603
77.500	227.562
77.600	227.435
77.700	227.146
77.800	226.743
77.900	226.338
78.000	225.856
78.100	225.374
78.200	224.892
78.300	224.409
78.400	223.927
78.500	223.445
78.600	223.041
78.700	222.636
78.800	222.232
78.900	221.827
79.000	221.452
79.100	221.175
79.200	221.060
79.300	220.976
79.400	220.837
79.500	220.729
79.600	220.622
79.700	220.514
79.800	220.407
79.900	220.340
80.000	220.274
80.100	220.129
80.200	219.984
80.300	219.840
80.400	219.695
80.500	219.550
80.600	219.406
80.700	219.234
80.800	219.056
80.900	218.934
81.000	218.858
81.100	218.782
81.200	218.706
81.300	218.630
81.400	218.513
81.500	218.397
81.600	218.280
81.700	218.164
81.800	218.047
81.900	217.849
82.000	217.579
82.100	217.269
82.200	216.944
82.300	216.708
82.400	216.471
82.500	216.235
82.600	215.999
82.700	215.763
82.800	215.527
82.900	215.291
83.000	215.054
83.100	214.818
83.200	214.582
83.300	214.264
83.400	213.966
83.500	213.702
83.600	213.455
83.700	213.251
83.800	213.047
83.900	212.844
84.000	212.640
84.100	212.436
84.200	212.232
84.300	212.029
84.400	211.825
84.500	211.621
84.600	211.418
84.700	211.087
84.800	210.831
84.900	210.561
85.000	210.330
85.100	210.120
85.200	209.910
85.300	209.700
85.400	209.566
85.500	209.439
85.600	209.355
85.700	209.270
85.800	209.185
85.900	209.101
86.000	209.016
86.100	208.931
86.200	208.973
86.300	209.022
86.400	209.147
86.500	209.273
86.600	209.398
86.700	209.523
86.800	209.648
86.900	209.697
87.000	209.815
87.100	209.904
87.200	210.006
87.300	210.275
87.400	210.543
87.500	210.812
87.600	211.081
87.700	211.350
87.800	211.618
87.900	211.887
88.000	212.156
88.100	212.425
88.200	212.694
88.300	212.962
88.400	213.268
88.500	213.520
88.600	214.185
88.700	215.151
88.800	216.088
88.900	217.024
89.000	217.961
89.100	218.897
89.200	219.833
89.300	220.770
89.400	221.706
89.500	222.642
89.600	223.579
89.700	224.515
89.800	225.451
89.900	226.350
90.000	227.228
90.100	227.680
90.200	227.816
90.300	227.834
90.400	227.874
90.500	228.890
90.600	229.907
90.700	230.924
90.800	231.940
90.900	232.957
91.000	234.131
91.100	235.369
91.200	236.607
91.300	237.844
91.400	239.082
91.500	240.319
91.600	241.693
91.700	243.286
91.800	244.862
91.900	246.415
92.000	246.992
92.100	247.569
92.200	248.146
92.300	248.723
92.400	249.300
92.500	249.719
92.600	250.074
92.700	250.430
92.800	250.786
92.900	251.142
93.000	251.498
93.100	251.718
93.200	251.504
93.300	251.290
93.400	251.075
93.500	250.861
93.600	250.646
93.700	250.246
93.800	249.749
93.900	249.251
94.000	248.753
94.100	248.255
94.200	247.758
94.300	247.260
94.400	246.691
94.500	246.016
94.600	245.148
94.700	244.494
94.800	243.840
94.900	243.186
95.000	241.923
95.100	240.600
95.200	239.398
95.300	238.294
95.400	237.190
95.500	236.086
95.600	234.981
95.700	233.877
95.800	232.773
95.900	231.740
96.000	230.813
96.100	230.079
96.200	229.345
96.300	228.612
96.400	227.813
96.500	227.582
96.600	227.267
96.700	227.017
96.800	226.767
96.900	226.661
97.000	226.554
97.100	226.448
97.200	226.341
97.300	226.235
97.400	226.128
97.500	226.022
97.600	225.957
97.700	225.978
97.800	226.108
97.900	226.303
98.000	226.539
98.100	226.919
98.200	227.299
98.300	227.679
98.400	227.915
98.500	228.152
98.600	228.388
98.700	228.625
98.800	228.861
98.900	229.098
99.000	229.334
99.100	229.529
99.200	229.638
99.300	229.638
99.400	229.638
99.500	229.638
99.600	229.638
99.700	229.634
99.800	229.615
99.900	229.567
100.000	229.518
100.100	229.469
100.200	229.421
100.300	229.372
100.400	229.323
100.500	229.275
100.600	229.226
100.700	229.177
100.800	229.129
100.900	229.080
101.000	229.031
101.100	228.983
101.200	228.937
101.300	228.908
101.400	228.908
101.500	228.908
101.600	228.784
101.700	228.411
101.800	227.707
101.900	226.520
102.000	224.761
102.100	222.914
102.200	221.009
102.300	218.707
102.400	216.405
102.500	214.103
102.600	211.801
102.700	209.499
102.800	207.197
102.900	204.894
103.000	202.592
103.100	200.414
103.200	198.485
103.300	196.887
103.400	195.772
103.500	195.182
103.600	194.420
103.700	193.712
103.800	193.156
103.900	192.600
104.000	192.045
104.100	191.489
104.200	190.934
104.300	190.378
104.400	189.661
104.500	188.309
104.600	186.939
104.700	185.521
104.800	184.102
104.900	182.684
105.000	181.312
105.100	180.202
105.200	179.094
105.300	178.231
105.400	177.368
105.500	176.506
105.600	175.643
105.700	174.780
105.800	173.917
105.900	173.216
106.000	172.960
106.100	172.429
106.200	171.562
106.300	170.395
106.400	169.142
106.500	167.865
106.600	166.587
106.700	165.310
106.800	164.033
106.900	162.756
107.000	161.479
107.100	160.202
107.200	158.925
107.300	157.648
107.400	156.370
107.500	155.282
107.600	154.488
107.700	154.077
107.800	153.968
107.900	153.944
108.000	153.944
108.100	153.944
108.200	153.501
108.300	152.916
108.400	152.327
108.500	151.521
108.600	150.715
108.700	149.910
108.800	149.104
108.900	148.298
109.000	147.641
109.100	146.984
109.200	146.326
109.300	145.669
109.400	145.012
109.500	144.355
109.600	143.698
109.700	143.483
109.800	143.411
109.900	143.194
110.000	143.156
110.100	143.040
110.200	142.974
110.300	142.908
110.400	142.841
110.500	142.626
110.600	142.411
110.700	142.196
110.800	141.981
110.900	141.767
111.000	141.552
111.100	141.303
111.200	141.035
111.300	140.766
111.400	140.646
111.500	140.565
111.600	140.561
111.700	140.507
111.800	140.454
111.900	140.400
112.000	140.347
112.100	140.293
112.200	140.011
112.300	139.728
112.400	139.402
112.500	139.013
112.600	138.657
112.700	138.321
112.800	137.986
112.900	137.650
113.000	137.314
113.100	136.978
113.200	136.642
113.300	136.306
113.400	135.970
113.500	135.634
113.600	135.299
113.700	135.191
113.800	135.086
113.900	135.028
114.000	135.034
114.100	135.040
114.200	134.997
114.300	134.887
114.400	134.753
114.500	134.619
114.600	134.485
114.700	134.350
114.800	134.216
114.900	134.082
115.000	133.948
115.100	133.814
115.200	133.697
115.300	133.618
115.400	133.532
115.500	133.446
115.600	133.361
115.700	133.324
115.800	133.354
115.900	133.409
116.000	133.427
116.100	133.347
116.200	133.267
116.300	133.187
116.400	133.106
116.500	133.026
116.600	132.946
116.700	132.848
116.800	132.713
116.900	132.578
117.000	132.444
117.100	132.338
117.200	132.301
117.300	132.301
117.400	132.364
117.500	132.507
117.600	132.748
117.700	132.990
117.800	133.232
117.900	133.473
118.000	133.715
118.100	133.957
118.200	134.198
118.300	134.440
118.400	134.681
118.500	134.923
118.600	135.136
118.700	135.279
118.800	135.386
118.900	135.431
119.000	135.431
119.100	135.431
119.200	135.431
119.300	135.431
119.400	135.341
119.500	135.107
119.600	134.873
119.700	134.639
119.800	134.436
119.900	134.622
120.000	135.062
120.100	135.502
120.200	135.942
120.300	136.382
120.400	136.822
120.500	137.262
120.600	137.702
120.700	138.142
120.800	138.582
120.900	139.111
121.000	139.785
121.100	140.459
121.200	141.133
121.300	141.776
121.400	142.059
121.500	142.133
121.600	142.247
121.700	142.572
121.800	143.026
121.900	143.479
122.000	143.933
122.100	144.387
122.200	144.840
122.300	145.294
122.400	145.747
122.500	146.201
122.600	146.654
122.700	147.108
122.800	147.562
122.900	147.987
123.000	148.367
123.100	148.707
123.200	148.835
123.300	148.835
123.400	148.835
123.500	148.835
123.600	148.835
123.700	148.694
123.800	148.320
123.900	147.575
124.000	146.831
124.100	146.087
124.200	145.975
124.300	145.863
124.400	145.751
124.500	145.639
124.600	145.527
124.700	145.415
124.800	145.303
124.900	145.192
125.000	145.080
125.100	145.157
125.200	145.470
125.300	146.220
125.400	147.442
125.500	148.726
125.600	150.010
125.700	150.662
125.800	151.314
125.900	151.966
126.000	152.617
126.100	153.269
126.200	153.921
126.300	154.573
126.400	155.225
126.500	155.876
126.600	156.339
126.700	156.707
126.800	156.870
126.900	156.933
127.000	157.054
127.100	157.174
127.200	157.310
127.300	157.447
127.400	157.583
127.500	157.624
127.600	157.664
127.700	157.961
127.800	158.310
127.900	158.658
128.000	159.007
128.000	159.356
128.000	159.705
128.100	160.054
128.400	160.403
128.500	160.631
128.600	160.953
128.900	161.259
129.000	161.565
129.000	161.871
129.000	162.273
129.000	162.675
129.000	162.821
129.100	162.768
129.400	162.716
129.500	162.663
129.600	162.610
129.900	162.558
130.000	162.500
130.000	162.356
130.000	162.146
130.000	161.842
130.000	161.538
130.100	161.186
130.400	160.833
130.500	160.480
130.600	160.040
130.900	159.588
131.000	159.283
131.000	158.978
131.000	158.672
131.000	157.941
131.000	157.209
131.100	155.394
131.400	153.589
131.500	151.836
131.600	150.084
131.900	147.958
132.000	145.880
132.000	143.803
132.000	141.726
132.000	139.736
132.000	137.758
132.100	135.779
132.400	133.558
132.500	131.161
132.600	128.944
132.900	126.385
133.000	124.913
133.000	123.518
133.000	122.137
133.000	120.717
133.000	119.670
133.100	118.623
133.400	117.577
133.500	116.446
133.600	115.316
133.900	114.185
134.000	112.166
134.000	110.318
134.000	108.630
134.000	107.188
134.100	106.082
134.300	104.977
134.400	103.871
134.500	102.766
134.600	101.699
134.700	100.633
134.800	99.567
134.900	98.500
135.000	97.408
135.100	96.118
135.200	94.536
135.300	93.366
135.400	92.001
135.500	90.627
135.600	89.242
135.700	87.864
135.800	86.486
135.900	85.108
136.000	83.730
136.100	82.352
136.200	80.973
136.300	79.595
136.400	78.217
136.500	76.949
136.600	75.878
136.700	75.109
136.800	74.818
136.900	74.793
137.000	74.793
137.100	74.803
137.200	74.803
137.300	74.696
137.400	74.589
137.500	74.779
137.600	75.354
137.700	76.015
137.800	76.676
137.900	77.337
138.000	77.998
138.100	78.659
138.200	79.309
138.300	79.960
138.400	80.611
138.500	81.261
138.600	81.965
138.700	82.817
138.800	83.787
138.900	85.193
139.000	86.814
139.100	88.342
139.200	89.783
139.300	91.225
139.400	92.666
139.500	94.108
139.600	95.549
139.700	96.991
139.800	98.433
139.900	99.874
140.000	101.316
140.100	102.704
140.200	103.954
140.300	105.194
140.400	105.998
140.500	106.290
140.600	106.290
140.700	106.290
140.800	106.290
140.900	106.290
141.000	106.290
141.100	106.214
141.200	106.025
141.300	105.739
141.400	105.452
141.500	105.166
141.600	104.879
141.700	104.593
141.800	104.306
141.900	104.020
142.000	103.734
142.100	103.447
142.200	103.161
142.300	102.874
142.400	102.588
142.500	102.301
142.600	102.091
142.700	101.993
142.800	101.993
142.900	101.993
143.000	101.671
143.100	101.278
143.200	100.803
143.300	100.116
143.400	99.430
143.500	98.744
143.600	98.149
143.700	97.673
143.800	97.198
143.900	96.723
144.000	96.248
144.100	95.773
144.200	95.299
144.300	94.824
144.400	94.349
144.500	94.195
144.600	93.993
144.700	93.994
144.800	94.273
144.900	94.640
145.000	95.006
145.100	95.282
145.200	95.438
145.300	95.593
145.400	95.749
145.500	95.904
145.600	96.059
145.700	96.450
145.800	97.054
145.900	97.948
146.000	98.842
146.100	99.856
146.200	100.749
146.300	101.575
146.400	102.313
146.500	103.056
146.600	104.369
146.700	105.682
146.800	106.995
146.900	108.308
147.000	109.621
147.100	111.174
147.200	112.798
147.300	114.209
147.400	115.330
147.500	116.451
147.600	117.572
147.700	118.693
147.800	119.814
147.900	120.935
148.000	122.478
148.100	123.459
148.200	124.462
148.300	125.465
148.400	126.467
148.500	127.470
148.600	128.232
148.700	128.689
148.800	129.145
148.900	129.601
149.000	130.058
149.100	130.589
149.200	131.549
149.300	132.673
149.400	133.796
149.500	134.493
149.600	135.181
149.700	135.848
149.800	136.515
149.900	137.182
150.000	137.849
150.100	138.516
150.200	139.020
150.300	139.370
150.400	139.988
150.500	140.868
150.600	141.673
150.700	142.049
150.800	142.262
150.900	142.475
151.000	142.688
151.100	142.901
151.200	143.114
151.300	143.071
151.400	143.022
151.500	142.980
151.600	143.118
151.700	143.419
151.800	143.875
151.900	144.062
152.000	143.987
152.100	143.913
152.200	143.838
152.300	143.763
152.400	143.689
152.500	143.614
152.600	143.358
152.700	143.099
152.800	143.097
152.900	143.100
153.000	143.098
153.100	142.914
153.200	142.730
153.300	142.546
153.400	142.362
153.500	142.178
153.600	141.726
153.700	141.168
153.800	140.611
153.900	140.053
154.000	139.495
154.100	139.119
154.200	138.746
154.300	138.372
154.400	137.977
154.500	137.385
154.600	136.793
154.700	136.201
154.800	135.609
154.900	135.017
155.000	134.425
155.100	134.101
155.200	133.625
155.300	133.092
155.400	132.558
155.500	132.025
155.600	131.492
155.700	130.959
155.800	130.130
155.900	128.968
156.000	128.002
156.100	127.037
156.200	126.071
156.300	125.055
156.400	123.686
156.500	122.317
156.600	120.948
156.700	119.837
156.800	118.783
156.900	117.484
157.000	115.749
157.100	114.015
157.200	112.280
157.300	110.840
157.400	109.692
157.500	108.544
157.600	107.395
157.700	106.247
157.800	104.940
157.900	103.986
158.000	103.033
158.100	102.079
158.200	101.125
158.300	100.171
158.400	99.463
158.500	98.696
158.600	97.504
158.700	95.945
158.800	94.293
158.900	92.705
159.000	91.117
159.100	89.529
159.200	87.942
159.300	86.563
159.400	85.184
159.500	83.805
159.600	82.426
159.700	80.749
159.800	78.731
159.900	76.473
160.000	74.707
160.100	73.368
160.200	72.395
160.300	71.515
160.400	70.636
160.500	69.756
160.600	68.843
160.700	67.885
160.800	66.928
160.900	65.970
161.000	65.013
161.100	63.817
161.200	62.822
161.300	62.168
161.400	61.649
161.500	61.131
161.600	60.613
161.700	60.200
161.800	59.835
161.900	59.422
162.000	59.008
162.100	58.628
162.200	58.293
162.300	58.006
162.400	57.719
162.500	57.432
162.600	57.383
162.700	57.431
162.800	57.479
162.900	57.686
163.000	57.892
163.100	58.099
163.200	58.201
163.300	58.254
163.400	58.355
163.500	58.591
163.600	58.826
163.700	59.062
163.800	59.518
163.900	59.974
164.000	60.430
164.100	60.886
164.200	61.342
164.300	61.797
164.400	62.316
164.500	62.846
164.600	63.375
164.700	63.904
164.800	64.434
164.900	64.963
165.000	65.358
165.100	65.754
165.200	66.149
165.300	66.276
165.400	66.402
165.500	66.529
165.600	66.645
165.700	66.760
165.800	66.876
165.900	66.618
166.000	66.349
166.100	66.080
166.200	65.811
166.300	65.542
166.400	65.232
166.500	64.406
166.600	63.338
166.700	62.067
166.800	60.409
166.900	58.751
167.000	57.094
167.100	55.447
167.200	53.719
167.300	51.937
167.400	49.779
167.500	47.909
167.600	46.039
167.700	44.169
167.800	42.011
167.900	39.889
168.000	38.283
168.100	37.212
168.200	36.344
168.300	35.862
168.400	35.381
168.500	34.899
168.600	34.418
168.700	34.016
168.800	33.670
168.900	34.319
169.000	34.769
169.100	35.304
169.200	36.190
169.300	37.610
169.400	39.036
169.500	40.462
169.600	41.595
169.700	42.728
169.800	43.862
169.900	44.995
170.000	46.128
170.100	47.261
170.200	48.394
170.300	49.527
170.400	50.299
170.500	50.982
170.600	51.580
170.700	51.827
170.800	51.827
170.900	51.827
171.000	51.827
171.100	51.827
171.200	51.579
171.300	50.839
171.400	49.802
171.500	48.729
171.600	47.199
171.700	45.669
171.800	44.139
171.900	42.609
172.000	41.079
172.100	39.549
172.200	38.019
172.300	36.489
172.400	34.959
172.500	33.429
172.600	31.560
172.700	29.769
172.800	28.448
172.900	27.425
173.000	26.436
173.100	25.906
173.200	25.396
173.300	25.057
173.400	25.630
173.500	26.204
173.600	26.778
173.700	27.352
173.800	27.925
173.900	28.499
174.000	29.073
174.100	29.986
174.200	31.089
174.300	32.427
174.400	34.487
174.500	36.688
174.600	38.889
174.700	41.069
174.800	43.079
174.900	44.175
175.000	45.271
175.100	46.368
175.200	47.833
175.300	49.370
175.400	51.024
175.500	52.679
175.600	54.333
175.700	55.968
175.800	57.389
175.900	58.734
176.000	60.013
176.100	61.292
176.200	62.571
176.300	63.850
176.400	65.129
176.500	66.407
176.600	67.686
176.700	68.932
176.800	70.180
176.900	71.311
177.000	72.443
177.100	73.574
177.200	74.705
177.300	75.836
177.400	76.320
177.500	76.871
177.600	77.423
177.700	77.974
177.800	78.525
177.900	79.076
178.000	79.627
178.100	80.178
178.200	80.393
178.300	80.534
178.400	80.675
178.500	80.816
178.600	80.957
178.700	81.097
178.800	81.022
178.900	80.683
179.000	80.203
179.100	79.724
179.200	79.244
179.300	78.764
179.400	78.284
179.500	77.716
179.600	77.091
179.700	76.466
179.800	75.842
179.900	75.217
180.000	74.592
180.100	73.968
180.200	73.343
180.300	72.935
180.400	72.294
180.500	71.260
180.600	70.119
180.700	68.532
180.800	66.945
180.900	65.358
181.000	63.860
181.100	62.419
181.200	60.731
181.300	58.199
181.400	54.701
181.500	50.304
181.600	45.864
181.700	41.239
181.800	36.411
181.900	32.079
182.000	28.139
182.100	24.307
182.200	20.921
182.300	17.535
182.400	14.149
182.500	10.763
182.600	7.376
182.700	4.236
182.800	1.697
182.900	0.059
183.000	-0.680
183.100	-1.311
183.200	-1.311
183.300	-0.941
183.400	-0.570
183.500	-0.200
183.600	0.170
183.700	0.541
183.800	0.911
183.900	1.282
184.000	1.652
184.100	2.023
184.200	2.393
184.300	3.007
184.400	3.926
184.500	4.913
184.600	6.228
184.700	7.550
184.800	8.703
184.900	9.857
185.000	11.011
185.100	12.165
185.200	13.319
185.300	14.473
185.400	15.627
185.500	16.781
185.600	18.119
185.700	19.459
185.800	21.092
185.900	22.814
186.000	24.469
186.100	25.731
186.200	26.541
186.300	27.351
186.400	28.160
186.500	28.970
186.600	29.779
186.700	30.619
186.800	31.535
186.900	32.451
187.000	33.377
187.100	34.119
187.200	34.859
187.300	35.305
187.400	35.421
187.500	35.537
187.600	35.653
187.700	35.770
187.800	35.886
187.900	36.002
188.000	36.118
188.100	36.234
188.200	36.321
188.300	36.330
188.400	36.339
188.500	36.339
188.600	36.339
188.700	36.339
188.800	35.891
188.900	35.411
189.000	34.932
189.100	33.928
189.200	32.925
189.300	31.922
189.400	30.919
189.500	29.916
189.600	28.811
189.700	27.707
189.800	26.554
189.900	25.402
190.000	24.249
190.100	23.097
190.200	21.944
190.300	21.240
190.400	20.568
190.500	19.895
190.600	19.746
190.700	19.596
190.800	19.648
190.900	19.700
191.000	19.752
191.100	19.906
191.200	20.059
191.300	20.260
191.400	20.462
191.500	20.663
191.600	20.864
191.700	21.065
191.800	21.065
191.900	21.033
192.000	21.000
192.100	20.967
192.200	20.935
192.300	20.701
192.400	20.467
192.500	20.233
192.600	19.999
192.700	19.534
192.800	18.446
192.900	17.352
193.000	16.137
193.100	14.922
193.200	13.707
193.300	12.694
193.400	11.713
193.500	10.732
193.600	9.751
193.700	8.770
193.800	7.789
193.900	6.809
194.000	5.828
194.100	4.847
194.200	4.097
194.300	3.970
194.400	3.850
194.500	3.850
194.600	3.843
194.700	3.549
194.800	2.888
194.900	1.799
195.000	0.276
195.100	-1.406
195.200	-3.269
195.300	-5.322
195.400	-7.464
195.500	-9.607
195.600	-11.750
195.700	-13.892
195.800	-16.035
195.900	-18.177
196.000	-20.320
196.100	-22.456
196.200	-24.305
196.300	-25.787
196.400	-26.840
196.500	-27.642
196.600	-28.601
196.700	-29.530
196.800	-30.360
196.900	-31.199
197.000	-31.859
197.100	-32.508
197.200	-33.039
197.300	-33.551
197.400	-34.062
197.500	-34.574
197.600	-35.086
197.700	-35.597
197.800	-36.109
197.900	-36.640
198.000	-36.989
198.100	-37.021
198.200	-36.884
198.300	-36.653
198.400	-36.323
198.500	-36.173
198.600	-36.034
198.700	-36.012
198.800	-36.010
198.900	-36.008
199.000	-36.003
199.100	-35.817
199.200	-35.508
199.300	-35.154
199.400	-34.780
199.500	-34.407
199.600	-34.033
199.700	-33.679
199.800	-33.327
199.900	-32.831
200.000	-32.335
200.100	-31.840
200.200	-31.344
200.300	-30.849
200.400	-30.353
200.500	-29.849
200.600	-29.506
200.700	-29.007
200.800	-28.493
200.900	-27.693
201.000	-26.748
201.100	-25.726
201.200	-24.672
201.300	-23.618
201.400	-22.707
201.500	-21.796
201.600	-20.885
201.700	-19.974
201.800	-19.064
201.900	-18.153
202.000	-17.253
202.100	-16.374
202.200	-15.773
202.300	-15.233
202.400	-14.979
202.500	-14.870
202.600	-14.838
202.700	-14.838
202.800	-14.838
202.900	-14.838
203.000	-14.838
203.100	-14.866
203.200	-14.945
203.300	-15.094
203.400	-15.350
203.500	-15.743
203.600	-16.286
203.700	-16.981
203.800	-17.838
203.900	-18.875
204.000	-20.107
204.100	-21.534
204.200	-23.170
204.300	-25.057
204.400	-25.787
204.500	-26.629
204.600	-27.576
204.700	-28.626
204.800	-29.782
204.900	-31.015
205.000	-32.300
